Running 5m test @ http://169.254.185.136:8282/htmlKitura
  2 threads and 5 connections
  Thread calibration: mean lat.: 5.413ms, rate sampling interval: 20ms
  Thread calibration: mean lat.: 5.425ms, rate sampling interval: 20ms
  Thread Stats   Avg      Stdev     Max   +/- Stdev
    Latency     3.72ms    1.95ms  13.42ms   73.38%
    Req/Sec    52.31     41.96   105.00     53.28%
  Latency Distribution (HdrHistogram - Recorded Latency)
 50.000%    3.23ms
 75.000%    4.57ms
 90.000%    6.53ms
 99.000%    9.78ms
 99.900%   12.18ms
 99.990%   12.99ms
 99.999%   13.43ms
100.000%   13.43ms

  Detailed Percentile spectrum:
       Value   Percentile   TotalCount 1/(1-Percentile)

       0.508     0.000000            1         1.00
       1.739     0.100000         2904         1.11
       2.169     0.200000         5809         1.25
       2.531     0.300000         8712         1.43
       2.873     0.400000        11607         1.67
       3.227     0.500000        14502         2.00
       3.429     0.550000        15952         2.22
       3.631     0.600000        17398         2.50
       3.865     0.650000        18851         2.86
       4.163     0.700000        20301         3.33
       4.567     0.750000        21749         4.00
       4.843     0.775000        22479         4.44
       5.179     0.800000        23207         5.00
       5.499     0.825000        23932         5.71
       5.823     0.850000        24649         6.67
       6.159     0.875000        25379         8.00
       6.323     0.887500        25742         8.89
       6.531     0.900000        26102        10.00
       6.779     0.912500        26459        11.43
       7.087     0.925000        26822        13.33
       7.415     0.937500        27184        16.00
       7.587     0.943750        27370        17.78
       7.763     0.950000        27548        20.00
       7.943     0.956250        27731        22.86
       8.131     0.962500        27909        26.67
       8.351     0.968750        28095        32.00
       8.471     0.971875        28185        35.56
       8.615     0.975000        28272        40.00
       8.791     0.978125        28362        45.71
       9.015     0.981250        28453        53.33
       9.255     0.984375        28543        64.00
       9.367     0.985938        28590        71.11
       9.511     0.987500        28634        80.00
       9.671     0.989062        28680        91.43
       9.847     0.990625        28725       106.67
      10.055     0.992188        28771       128.00
      10.207     0.992969        28793       142.22
      10.327     0.993750        28815       160.00
      10.503     0.994531        28839       182.86
      10.631     0.995313        28862       213.33
      10.887     0.996094        28884       256.00
      11.015     0.996484        28895       284.44
      11.175     0.996875        28906       320.00
      11.367     0.997266        28917       365.71
      11.655     0.997656        28929       426.67
      11.767     0.998047        28940       512.00
      11.831     0.998242        28946       568.89
      11.895     0.998437        28952       640.00
      11.991     0.998633        28957       731.43
      12.087     0.998828        28963       853.33
      12.199     0.999023        28968      1024.00
      12.271     0.999121        28971      1137.78
      12.335     0.999219        28975      1280.00
      12.359     0.999316        28977      1462.86
      12.511     0.999414        28980      1706.67
      12.551     0.999512        28982      2048.00
      12.583     0.999561        28984      2275.56
      12.695     0.999609        28985      2560.00
      12.847     0.999658        28987      2925.71
      12.863     0.999707        28988      3413.33
      12.903     0.999756        28989      4096.00
      12.935     0.999780        28990      4551.11
      12.975     0.999805        28991      5120.00
      12.991     0.999829        28993      5851.43
      12.991     0.999854        28993      6826.67
      12.991     0.999878        28993      8192.00
      12.991     0.999890        28993      9102.22
      13.103     0.999902        28994     10240.00
      13.103     0.999915        28994     11702.86
      13.103     0.999927        28994     13653.33
      13.247     0.999939        28995     16384.00
      13.247     0.999945        28995     18204.44
      13.247     0.999951        28995     20480.00
      13.247     0.999957        28995     23405.71
      13.247     0.999963        28995     27306.67
      13.431     0.999969        28996     32768.00
      13.431     1.000000        28996          inf
#[Mean    =        3.718, StdDeviation   =        1.954]
#[Max     =       13.424, Total count    =        28996]
#[Buckets =           27, SubBuckets     =         2048]
----------------------------------------------------------
  30002 requests in 5.00m, 44.76MB read
Requests/sec:    100.00
Transfer/sec:    152.79KB

 >> |2017/09/06 23:12:04|HtmlKituraClientWrkV1bc|Kitura HTML benchmarking
wrk2 -t2 -d5m -c5 --latency -R100 --timeout 100s http://169.254.185.136:8282/htmlKitura