Running 5m test @ http://169.254.185.136:8282/jsonShortKitura
  2 threads and 5 connections
  Thread calibration: mean lat.: 5.419ms, rate sampling interval: 21ms
  Thread calibration: mean lat.: 5.526ms, rate sampling interval: 21ms
  Thread Stats   Avg      Stdev     Max   +/- Stdev
    Latency     3.84ms    2.01ms  13.16ms   72.62%
    Req/Sec    51.93     39.36   100.00     55.48%
  Latency Distribution (HdrHistogram - Recorded Latency)
 50.000%    3.35ms
 75.000%    4.73ms
 90.000%    6.76ms
 99.000%   10.11ms
 99.900%   12.02ms
 99.990%   12.80ms
 99.999%   13.17ms
100.000%   13.17ms

  Detailed Percentile spectrum:
       Value   Percentile   TotalCount 1/(1-Percentile)

       0.525     0.000000            1         1.00
       1.783     0.100000         2902         1.11
       2.221     0.200000         5806         1.25
       2.587     0.300000         8707         1.43
       2.933     0.400000        11604         1.67
       3.353     0.500000        14500         2.00
       3.567     0.550000        15957         2.22
       3.805     0.600000        17398         2.50
       4.049     0.650000        18857         2.86
       4.335     0.700000        20313         3.33
       4.731     0.750000        21757         4.00
       4.995     0.775000        22475         4.44
       5.319     0.800000        23199         5.00
       5.699     0.825000        23925         5.71
       6.103     0.850000        24649         6.67
       6.439     0.875000        25381         8.00
       6.591     0.887500        25735         8.89
       6.763     0.900000        26102        10.00
       6.959     0.912500        26463        11.43
       7.203     0.925000        26822        13.33
       7.603     0.937500        27185        16.00
       7.831     0.943750        27366        17.78
       7.999     0.950000        27549        20.00
       8.151     0.956250        27728        22.86
       8.351     0.962500        27914        26.67
       8.575     0.968750        28092        32.00
       8.695     0.971875        28183        35.56
       8.831     0.975000        28276        40.00
       8.991     0.978125        28364        45.71
       9.191     0.981250        28455        53.33
       9.471     0.984375        28545        64.00
       9.623     0.985938        28589        71.11
       9.791     0.987500        28636        80.00
       9.975     0.989062        28680        91.43
      10.199     0.990625        28726       106.67
      10.431     0.992188        28770       128.00
      10.543     0.992969        28794       142.22
      10.743     0.993750        28816       160.00
      10.919     0.994531        28838       182.86
      11.135     0.995313        28861       213.33
      11.303     0.996094        28885       256.00
      11.391     0.996484        28896       284.44
      11.471     0.996875        28907       320.00
      11.535     0.997266        28917       365.71
      11.615     0.997656        28929       426.67
      11.703     0.998047        28940       512.00
      11.759     0.998242        28946       568.89
      11.823     0.998437        28951       640.00
      11.919     0.998633        28959       731.43
      11.959     0.998828        28963       853.33
      12.039     0.999023        28968      1024.00
      12.071     0.999121        28971      1137.78
      12.215     0.999219        28974      1280.00
      12.311     0.999316        28977      1462.86
      12.359     0.999414        28980      1706.67
      12.423     0.999512        28982      2048.00
      12.487     0.999561        28984      2275.56
      12.543     0.999609        28985      2560.00
      12.607     0.999658        28987      2925.71
      12.615     0.999707        28989      3413.33
      12.615     0.999756        28989      4096.00
      12.639     0.999780        28990      4551.11
      12.663     0.999805        28991      5120.00
      12.759     0.999829        28992      5851.43
      12.759     0.999854        28992      6826.67
      12.799     0.999878        28994      8192.00
      12.799     0.999890        28994      9102.22
      12.799     0.999902        28994     10240.00
      12.799     0.999915        28994     11702.86
      12.799     0.999927        28994     13653.33
      12.991     0.999939        28995     16384.00
      12.991     0.999945        28995     18204.44
      12.991     0.999951        28995     20480.00
      12.991     0.999957        28995     23405.71
      12.991     0.999963        28995     27306.67
      13.167     0.999969        28996     32768.00
      13.167     1.000000        28996          inf
#[Mean    =        3.842, StdDeviation   =        2.011]
#[Max     =       13.160, Total count    =        28996]
#[Buckets =           27, SubBuckets     =         2048]
----------------------------------------------------------
  30002 requests in 5.00m, 6.28MB read
Requests/sec:    100.00
Transfer/sec:     21.44KB

 >> |2017/09/06 23:34:05|JsonKituraClientWrkV1bc|Kitura JSON benchmarking
wrk2 -t2 -d5m -c5 --latency -R100 --timeout 100s http://169.254.185.136:8282/jsonShortKitura