Running 5m test @ http://169.254.185.136:8081/jsonShortPerfect
  2 threads and 5 connections
  Thread calibration: mean lat.: 1.393ms, rate sampling interval: 10ms
  Thread calibration: mean lat.: 1.399ms, rate sampling interval: 10ms
  Thread Stats   Avg      Stdev     Max   +/- Stdev
    Latency     1.40ms  627.74us  11.05ms   62.96%
    Req/Sec     2.49k   229.16     4.33k    70.30%
  Latency Distribution (HdrHistogram - Recorded Latency)
 50.000%    1.38ms
 75.000%    1.86ms
 90.000%    2.23ms
 99.000%    2.80ms
 99.900%    3.49ms
 99.990%    7.32ms
 99.999%   10.06ms
100.000%   11.06ms

  Detailed Percentile spectrum:
       Value   Percentile   TotalCount 1/(1-Percentile)

       0.195     0.000000            2         1.00
       0.565     0.100000       137090         1.11
       0.776     0.200000       274218         1.25
       0.987     0.300000       411484         1.43
       1.185     0.400000       548848         1.67
       1.377     0.500000       685622         2.00
       1.471     0.550000       754163         2.22
       1.564     0.600000       822639         2.50
       1.660     0.650000       890870         2.86
       1.759     0.700000       959755         3.33
       1.859     0.750000      1028531         4.00
       1.911     0.775000      1062597         4.44
       1.966     0.800000      1096477         5.00
       2.025     0.825000      1131111         5.71
       2.087     0.850000      1165526         6.67
       2.153     0.875000      1199884         8.00
       2.187     0.887500      1216333         8.89
       2.227     0.900000      1233956        10.00
       2.269     0.912500      1250810        11.43
       2.317     0.925000      1268074        13.33
       2.371     0.937500      1285204        16.00
       2.401     0.943750      1293974        17.78
       2.431     0.950000      1302338        20.00
       2.463     0.956250      1310753        22.86
       2.499     0.962500      1319371        26.67
       2.541     0.968750      1327943        32.00
       2.565     0.971875      1332205        35.56
       2.591     0.975000      1336303        40.00
       2.621     0.978125      1340574        45.71
       2.657     0.981250      1344948        53.33
       2.697     0.984375      1349094        64.00
       2.721     0.985938      1351216        71.11
       2.749     0.987500      1353504        80.00
       2.777     0.989062      1355564        91.43
       2.811     0.990625      1357683       106.67
       2.849     0.992188      1359845       128.00
       2.871     0.992969      1360943       142.22
       2.897     0.993750      1361975       160.00
       2.925     0.994531      1363005       182.86
       2.963     0.995313      1364098       213.33
       3.011     0.996094      1365160       256.00
       3.039     0.996484      1365671       284.44
       3.073     0.996875      1366207       320.00
       3.115     0.997266      1366743       365.71
       3.167     0.997656      1367279       426.67
       3.231     0.998047      1367824       512.00
       3.267     0.998242      1368084       568.89
       3.309     0.998437      1368350       640.00
       3.361     0.998633      1368616       731.43
       3.417     0.998828      1368882       853.33
       3.499     0.999023      1369152      1024.00
       3.541     0.999121      1369284      1137.78
       3.601     0.999219      1369418      1280.00
       3.683     0.999316      1369552      1462.86
       3.771     0.999414      1369686      1706.67
       3.899     0.999512      1369820      2048.00
       3.983     0.999561      1369886      2275.56
       4.115     0.999609      1369954      2560.00
       4.287     0.999658      1370021      2925.71
       4.567     0.999707      1370087      3413.33
       4.959     0.999756      1370155      4096.00
       5.199     0.999780      1370187      4551.11
       5.443     0.999805      1370221      5120.00
       5.695     0.999829      1370255      5851.43
       6.059     0.999854      1370288      6826.67
       6.599     0.999878      1370321      8192.00
       6.979     0.999890      1370338      9102.22
       7.447     0.999902      1370355     10240.00
       7.847     0.999915      1370371     11702.86
       8.199     0.999927      1370388     13653.33
       8.519     0.999939      1370405     16384.00
       8.767     0.999945      1370413     18204.44
       8.903     0.999951      1370422     20480.00
       9.063     0.999957      1370430     23405.71
       9.215     0.999963      1370438     27306.67
       9.439     0.999969      1370447     32768.00
       9.519     0.999973      1370451     36408.89
       9.607     0.999976      1370455     40960.00
       9.671     0.999979      1370459     46811.43
       9.783     0.999982      1370463     54613.33
       9.967     0.999985      1370468     65536.00
       9.983     0.999986      1370470     72817.78
      10.039     0.999988      1370472     81920.00
      10.055     0.999989      1370474     93622.86
      10.079     0.999991      1370476    109226.67
      10.247     0.999992      1370478    131072.00
      10.255     0.999993      1370479    145635.56
      10.303     0.999994      1370480    163840.00
      10.311     0.999995      1370481    187245.71
      10.351     0.999995      1370482    218453.33
      10.407     0.999996      1370483    262144.00
      10.495     0.999997      1370484    291271.11
      10.495     0.999997      1370484    327680.00
      10.639     0.999997      1370485    374491.43
      10.639     0.999998      1370485    436906.67
      10.887     0.999998      1370486    524288.00
      10.887     0.999998      1370486    582542.22
      10.887     0.999998      1370486    655360.00
      10.975     0.999999      1370487    748982.86
      10.975     0.999999      1370487    873813.33
      10.975     0.999999      1370487   1048576.00
      10.975     0.999999      1370487   1165084.44
      10.975     0.999999      1370487   1310720.00
      11.055     0.999999      1370488   1497965.71
      11.055     1.000000      1370488          inf
#[Mean    =        1.396, StdDeviation   =        0.628]
#[Max     =       11.048, Total count    =      1370488]
#[Buckets =           27, SubBuckets     =         2048]
----------------------------------------------------------
  1417784 requests in 5.00m, 205.52MB read
Requests/sec:   4725.94
Transfer/sec:    701.51KB

 >> |2017/09/07 09:52:08|JsonPerfectClientWrk2V2|Perfect JSON benchmarking
wrk2 -t2 -d5m -c5 --latency -R4726 --timeout 100s http://169.254.185.136:8081/jsonShortPerfect