Running 5m test @ http://169.254.185.136:8080/jsonShortVapor
  2 threads and 5 connections
  Thread calibration: mean lat.: 1.685ms, rate sampling interval: 10ms
  Thread calibration: mean lat.: 1.677ms, rate sampling interval: 10ms
  Thread Stats   Avg      Stdev     Max   +/- Stdev
    Latency     1.69ms    0.94ms  43.87ms   85.88%
    Req/Sec     1.71k   158.99     3.22k    71.27%
  Latency Distribution (HdrHistogram - Recorded Latency)
 50.000%    1.63ms
 75.000%    2.20ms
 90.000%    2.56ms
 99.000%    3.21ms
 99.900%    4.27ms
 99.990%   39.10ms
 99.999%   42.97ms
100.000%   43.90ms

  Detailed Percentile spectrum:
       Value   Percentile   TotalCount 1/(1-Percentile)

       0.333     0.000000            1         1.00
       0.821     0.100000        94291         1.11
       1.027     0.200000       188624         1.25
       1.227     0.300000       282782         1.43
       1.431     0.400000       377090         1.67
       1.634     0.500000       471632         2.00
       1.736     0.550000       518582         2.22
       1.846     0.600000       565845         2.50
       1.962     0.650000       612916         2.86
       2.079     0.700000       659927         3.33
       2.199     0.750000       707626         4.00
       2.257     0.775000       730809         4.44
       2.313     0.800000       754004         5.00
       2.371     0.825000       778381         5.71
       2.427     0.850000       801836         6.67
       2.485     0.875000       824659         8.00
       2.519     0.887500       836853         8.89
       2.555     0.900000       848688        10.00
       2.593     0.912500       860117        11.43
       2.637     0.925000       871944        13.33
       2.685     0.937500       883735        16.00
       2.711     0.943750       889717        17.78
       2.739     0.950000       895645        20.00
       2.769     0.956250       901370        22.86
       2.803     0.962500       907343        26.67
       2.843     0.968750       913090        32.00
       2.869     0.971875       916112        35.56
       2.901     0.975000       919016        40.00
       2.939     0.978125       921953        45.71
       2.989     0.981250       924871        53.33
       3.053     0.984375       927798        64.00
       3.091     0.985938       929226        71.11
       3.135     0.987500       930699        80.00
       3.183     0.989062       932216        91.43
       3.233     0.990625       933633       106.67
       3.287     0.992188       935136       128.00
       3.315     0.992969       935874       142.22
       3.345     0.993750       936594       160.00
       3.381     0.994531       937355       182.86
       3.419     0.995313       938070       213.33
       3.467     0.996094       938797       256.00
       3.499     0.996484       939164       284.44
       3.533     0.996875       939534       320.00
       3.575     0.997266       939892       365.71
       3.623     0.997656       940267       426.67
       3.683     0.998047       940629       512.00
       3.729     0.998242       940815       568.89
       3.791     0.998437       940995       640.00
       3.881     0.998633       941183       731.43
       4.013     0.998828       941363       853.33
       4.311     0.999023       941546      1024.00
       4.907     0.999121       941638      1137.78
       6.035     0.999219       941730      1280.00
       8.351     0.999316       941822      1462.86
      10.399     0.999414       941914      1706.67
      13.519     0.999512       942006      2048.00
      15.919     0.999561       942052      2275.56
      19.167     0.999609       942098      2560.00
      24.463     0.999658       942144      2925.71
      30.303     0.999707       942190      3413.33
      33.023     0.999756       942237      4096.00
      33.983     0.999780       942259      4551.11
      35.007     0.999805       942282      5120.00
      35.999     0.999829       942305      5851.43
      37.215     0.999854       942328      6826.67
      38.399     0.999878       942352      8192.00
      38.783     0.999890       942363      9102.22
      39.103     0.999902       942374     10240.00
      39.487     0.999915       942388     11702.86
      39.999     0.999927       942397     13653.33
      40.607     0.999939       942410     16384.00
      40.799     0.999945       942415     18204.44
      40.991     0.999951       942421     20480.00
      41.215     0.999957       942427     23405.71
      41.631     0.999963       942432     27306.67
      41.983     0.999969       942438     32768.00
      42.047     0.999973       942442     36408.89
      42.207     0.999976       942443     40960.00
      42.335     0.999979       942446     46811.43
      42.495     0.999982       942449     54613.33
      42.751     0.999985       942452     65536.00
      42.911     0.999986       942455     72817.78
      42.911     0.999988       942455     81920.00
      42.975     0.999989       942457     93622.86
      43.167     0.999991       942458    109226.67
      43.327     0.999992       942459    131072.00
      43.391     0.999993       942460    145635.56
      43.423     0.999994       942461    163840.00
      43.423     0.999995       942461    187245.71
      43.455     0.999995       942462    218453.33
      43.615     0.999996       942463    262144.00
      43.615     0.999997       942463    291271.11
      43.743     0.999997       942465    327680.00
      43.743     0.999997       942465    374491.43
      43.743     0.999998       942465    436906.67
      43.743     0.999998       942465    524288.00
      43.743     0.999998       942465    582542.22
      43.743     0.999998       942465    655360.00
      43.743     0.999999       942465    748982.86
      43.743     0.999999       942465    873813.33
      43.903     0.999999       942466   1048576.00
      43.903     1.000000       942466          inf
#[Mean    =        1.691, StdDeviation   =        0.944]
#[Max     =       43.872, Total count    =       942466]
#[Buckets =           27, SubBuckets     =         2048]
----------------------------------------------------------
  974988 requests in 5.00m, 151.56MB read
Requests/sec:   3249.94
Transfer/sec:    517.33KB

 >> |2017/09/06 22:12:06|JsonVaporClientWrk2V2|Vapor JSON benchmarking
wrk2 -t2 -d5m -c5 --latency -R3250 --timeout 100s http://169.254.185.136:8080/jsonShortVapor