Running 5m test @ http://169.254.140.128:8080/htmlLargeKitura
  2 threads and 100 connections
  Thread calibration: mean lat.: 2.562ms, rate sampling interval: 10ms
  Thread calibration: mean lat.: 2.550ms, rate sampling interval: 10ms
  Thread Stats   Avg      Stdev     Max   +/- Stdev
    Latency     2.50ms  692.44us   5.66ms   67.37%
    Req/Sec    59.33     98.67   333.00     75.22%
  Latency Distribution (HdrHistogram - Recorded Latency)
 50.000%    2.47ms
 75.000%    2.96ms
 90.000%    3.42ms
 99.000%    4.19ms
 99.900%    4.91ms
 99.990%    5.58ms
 99.999%    5.66ms
100.000%    5.66ms

  Detailed Percentile spectrum:
       Value   Percentile   TotalCount 1/(1-Percentile)

       0.462     0.000000            1         1.00
       1.618     0.100000         2893         1.11
       1.890     0.200000         5781         1.25
       2.097     0.300000         8695         1.43
       2.287     0.400000        11571         1.67
       2.467     0.500000        14456         2.00
       2.557     0.550000        15920         2.22
       2.645     0.600000        17351         2.50
       2.743     0.650000        18811         2.86
       2.843     0.700000        20265         3.33
       2.959     0.750000        21690         4.00
       3.021     0.775000        22414         4.44
       3.085     0.800000        23124         5.00
       3.157     0.825000        23853         5.71
       3.237     0.850000        24577         6.67
       3.325     0.875000        25306         8.00
       3.371     0.887500        25659         8.89
       3.425     0.900000        26015        10.00
       3.483     0.912500        26372        11.43
       3.545     0.925000        26734        13.33
       3.625     0.937500        27096        16.00
       3.665     0.943750        27278        17.78
       3.697     0.950000        27455        20.00
       3.747     0.956250        27637        22.86
       3.807     0.962500        27820        26.67
       3.861     0.968750        28000        32.00
       3.893     0.971875        28091        35.56
       3.925     0.975000        28178        40.00
       3.979     0.978125        28275        45.71
       4.015     0.981250        28359        53.33
       4.061     0.984375        28450        64.00
       4.103     0.985938        28496        71.11
       4.127     0.987500        28541        80.00
       4.163     0.989062        28588        91.43
       4.211     0.990625        28630       106.67
       4.259     0.992188        28675       128.00
       4.291     0.992969        28697       142.22
       4.315     0.993750        28722       160.00
       4.343     0.994531        28747       182.86
       4.375     0.995313        28769       213.33
       4.415     0.996094        28788       256.00
       4.467     0.996484        28799       284.44
       4.507     0.996875        28810       320.00
       4.535     0.997266        28821       365.71
       4.575     0.997656        28833       426.67
       4.663     0.998047        28844       512.00
       4.715     0.998242        28850       568.89
       4.755     0.998437        28855       640.00
       4.851     0.998633        28862       731.43
       4.879     0.998828        28867       853.33
       4.911     0.999023        28872      1024.00
       4.943     0.999121        28875      1137.78
       5.011     0.999219        28878      1280.00
       5.047     0.999316        28881      1462.86
       5.087     0.999414        28884      1706.67
       5.171     0.999512        28886      2048.00
       5.223     0.999561        28888      2275.56
       5.307     0.999609        28889      2560.00
       5.351     0.999658        28891      2925.71
       5.407     0.999707        28892      3413.33
       5.447     0.999756        28893      4096.00
       5.487     0.999780        28894      4551.11
       5.519     0.999805        28895      5120.00
       5.527     0.999829        28896      5851.43
       5.527     0.999854        28896      6826.67
       5.583     0.999878        28897      8192.00
       5.583     0.999890        28897      9102.22
       5.599     0.999902        28899     10240.00
       5.599     0.999915        28899     11702.86
       5.599     0.999927        28899     13653.33
       5.599     0.999939        28899     16384.00
       5.599     0.999945        28899     18204.44
       5.599     0.999951        28899     20480.00
       5.599     0.999957        28899     23405.71
       5.599     0.999963        28899     27306.67
       5.663     0.999969        28900     32768.00
       5.663     1.000000        28900          inf
#[Mean    =        2.500, StdDeviation   =        0.692]
#[Max     =        5.660, Total count    =        28900]
#[Buckets =           27, SubBuckets     =         2048]
----------------------------------------------------------
  30002 requests in 5.00m, 44.85MB read
Requests/sec:    100.00
Transfer/sec:    153.10KB
