Running 5m test @ http://169.254.140.128:8080/htmlVapor
  2 threads and 100 connections
  Thread calibration: mean lat.: 2.409ms, rate sampling interval: 10ms
  Thread calibration: mean lat.: 2.419ms, rate sampling interval: 10ms
  Thread Stats   Avg      Stdev     Max   +/- Stdev
    Latency     2.40ms  685.10us   5.60ms   68.38%
    Req/Sec    38.32     83.13   333.00     83.92%
  Latency Distribution (HdrHistogram - Recorded Latency)
 50.000%    2.34ms
 75.000%    2.82ms
 90.000%    3.33ms
 99.000%    4.18ms
 99.900%    4.91ms
 99.990%    5.35ms
 99.999%    5.60ms
100.000%    5.60ms

  Detailed Percentile spectrum:
       Value   Percentile   TotalCount 1/(1-Percentile)

       0.494     0.000000            1         1.00
       1.563     0.100000         1856         1.11
       1.809     0.200000         3702         1.25
       1.992     0.300000         5556         1.43
       2.171     0.400000         7411         1.67
       2.343     0.500000         9268         2.00
       2.425     0.550000        10195         2.22
       2.505     0.600000        11123         2.50
       2.599     0.650000        12024         2.86
       2.701     0.700000        12957         3.33
       2.823     0.750000        13883         4.00
       2.885     0.775000        14347         4.44
       2.949     0.800000        14800         5.00
       3.033     0.825000        15267         5.71
       3.123     0.850000        15728         6.67
       3.215     0.875000        16185         8.00
       3.267     0.887500        16417         8.89
       3.329     0.900000        16654        10.00
       3.395     0.912500        16883        11.43
       3.467     0.925000        17117        13.33
       3.545     0.937500        17348        16.00
       3.581     0.943750        17456        17.78
       3.625     0.950000        17572        20.00
       3.685     0.956250        17691        22.86
       3.741     0.962500        17804        26.67
       3.797     0.968750        17919        32.00
       3.833     0.971875        17976        35.56
       3.871     0.975000        18034        40.00
       3.925     0.978125        18093        45.71
       3.975     0.981250        18151        53.33
       4.037     0.984375        18207        64.00
       4.081     0.985938        18236        71.11
       4.111     0.987500        18265        80.00
       4.155     0.989062        18295        91.43
       4.207     0.990625        18324       106.67
       4.251     0.992188        18353       128.00
       4.275     0.992969        18367       142.22
       4.299     0.993750        18382       160.00
       4.335     0.994531        18395       182.86
       4.395     0.995313        18410       213.33
       4.451     0.996094        18425       256.00
       4.475     0.996484        18431       284.44
       4.507     0.996875        18439       320.00
       4.551     0.997266        18446       365.71
       4.603     0.997656        18453       426.67
       4.699     0.998047        18461       512.00
       4.731     0.998242        18464       568.89
       4.759     0.998437        18468       640.00
       4.795     0.998633        18472       731.43
       4.851     0.998828        18475       853.33
       4.915     0.999023        18478      1024.00
       4.959     0.999121        18480      1137.78
       5.015     0.999219        18482      1280.00
       5.043     0.999316        18484      1462.86
       5.111     0.999414        18486      1706.67
       5.127     0.999512        18487      2048.00
       5.147     0.999561        18488      2275.56
       5.187     0.999609        18489      2560.00
       5.191     0.999658        18490      2925.71
       5.259     0.999707        18491      3413.33
       5.327     0.999756        18493      4096.00
       5.327     0.999780        18493      4551.11
       5.327     0.999805        18493      5120.00
       5.327     0.999829        18493      5851.43
       5.347     0.999854        18494      6826.67
       5.347     0.999878        18494      8192.00
       5.347     0.999890        18494      9102.22
       5.479     0.999902        18495     10240.00
       5.479     0.999915        18495     11702.86
       5.479     0.999927        18495     13653.33
       5.479     0.999939        18495     16384.00
       5.479     0.999945        18495     18204.44
       5.603     0.999951        18496     20480.00
       5.603     1.000000        18496          inf
#[Mean    =        2.396, StdDeviation   =        0.685]
#[Max     =        5.600, Total count    =        18496]
#[Buckets =           27, SubBuckets     =         2048]
----------------------------------------------------------
  19202 requests in 5.00m, 28.73MB read
  Socket errors: connect 0, read 0, write 0, timeout 5364
Requests/sec:     64.01
Transfer/sec:     98.07KB
