Running 5m test @ http://169.254.140.128:8080/htmlLargeVapor
  2 threads and 100 connections
  Thread calibration: mean lat.: 2.671ms, rate sampling interval: 10ms
  Thread calibration: mean lat.: 2.668ms, rate sampling interval: 10ms
  Thread Stats   Avg      Stdev     Max   +/- Stdev
    Latency     2.66ms  653.51us   5.70ms   69.28%
    Req/Sec    38.86     83.58   333.00     83.73%
  Latency Distribution (HdrHistogram - Recorded Latency)
 50.000%    2.63ms
 75.000%    3.05ms
 90.000%    3.53ms
 99.000%    4.33ms
 99.900%    5.28ms
 99.990%    5.62ms
 99.999%    5.70ms
100.000%    5.70ms

  Detailed Percentile spectrum:
       Value   Percentile   TotalCount 1/(1-Percentile)

       0.591     0.000000            1         1.00
       1.859     0.100000         1856         1.11
       2.119     0.200000         3711         1.25
       2.309     0.300000         5554         1.43
       2.473     0.400000         7411         1.67
       2.631     0.500000         9256         2.00
       2.707     0.550000        10182         2.22
       2.789     0.600000        11118         2.50
       2.873     0.650000        12035         2.86
       2.959     0.700000        12958         3.33
       3.053     0.750000        13875         4.00
       3.111     0.775000        14348         4.44
       3.173     0.800000        14810         5.00
       3.243     0.825000        15270         5.71
       3.329     0.850000        15722         6.67
       3.417     0.875000        16198         8.00
       3.471     0.887500        16422         8.89
       3.529     0.900000        16648        10.00
       3.597     0.912500        16883        11.43
       3.669     0.925000        17116        13.33
       3.737     0.937500        17345        16.00
       3.779     0.943750        17457        17.78
       3.819     0.950000        17574        20.00
       3.863     0.956250        17687        22.86
       3.913     0.962500        17808        26.67
       3.969     0.968750        17920        32.00
       4.003     0.971875        17976        35.56
       4.045     0.975000        18034        40.00
       4.083     0.978125        18093        45.71
       4.143     0.981250        18155        53.33
       4.195     0.984375        18210        64.00
       4.235     0.985938        18240        71.11
       4.255     0.987500        18268        80.00
       4.299     0.989062        18297        91.43
       4.355     0.990625        18326       106.67
       4.399     0.992188        18352       128.00
       4.447     0.992969        18366       142.22
       4.483     0.993750        18382       160.00
       4.551     0.994531        18396       182.86
       4.615     0.995313        18410       213.33
       4.679     0.996094        18424       256.00
       4.699     0.996484        18431       284.44
       4.759     0.996875        18439       320.00
       4.799     0.997266        18446       365.71
       4.851     0.997656        18454       426.67
       4.907     0.998047        18460       512.00
       4.975     0.998242        18464       568.89
       5.047     0.998437        18469       640.00
       5.119     0.998633        18471       731.43
       5.211     0.998828        18475       853.33
       5.279     0.999023        18478      1024.00
       5.311     0.999121        18480      1137.78
       5.383     0.999219        18482      1280.00
       5.415     0.999316        18484      1462.86
       5.439     0.999414        18486      1706.67
       5.459     0.999512        18487      2048.00
       5.463     0.999561        18488      2275.56
       5.471     0.999609        18489      2560.00
       5.515     0.999658        18490      2925.71
       5.519     0.999707        18491      3413.33
       5.591     0.999756        18492      4096.00
       5.591     0.999780        18492      4551.11
       5.615     0.999805        18493      5120.00
       5.615     0.999829        18493      5851.43
       5.619     0.999854        18494      6826.67
       5.619     0.999878        18494      8192.00
       5.619     0.999890        18494      9102.22
       5.643     0.999902        18495     10240.00
       5.643     0.999915        18495     11702.86
       5.643     0.999927        18495     13653.33
       5.643     0.999939        18495     16384.00
       5.643     0.999945        18495     18204.44
       5.699     0.999951        18496     20480.00
       5.699     1.000000        18496          inf
#[Mean    =        2.663, StdDeviation   =        0.654]
#[Max     =        5.696, Total count    =        18496]
#[Buckets =           27, SubBuckets     =         2048]
----------------------------------------------------------
  19202 requests in 5.00m, 27.89MB read
  Socket errors: connect 0, read 0, write 0, timeout 5364
Requests/sec:     64.01
Transfer/sec:     95.20KB
