Running 5m test @ http://169.254.140.128:8181/htmlPerfect
  2 threads and 100 connections
  Thread calibration: mean lat.: 2.964ms, rate sampling interval: 10ms
  Thread calibration: mean lat.: 2.695ms, rate sampling interval: 10ms
  Thread Stats   Avg      Stdev     Max   +/- Stdev
    Latency     2.82ms  742.41us   6.41ms   69.43%
    Req/Sec    59.58     98.43   333.00     74.61%
  Latency Distribution (HdrHistogram - Recorded Latency)
 50.000%    2.74ms
 75.000%    3.26ms
 90.000%    3.81ms
 99.000%    4.89ms
 99.900%    5.71ms
 99.990%    6.32ms
 99.999%    6.41ms
100.000%    6.41ms

  Detailed Percentile spectrum:
       Value   Percentile   TotalCount 1/(1-Percentile)

       0.987     0.000000            1         1.00
       1.934     0.100000         2896         1.11
       2.189     0.200000         5780         1.25
       2.389     0.300000         8707         1.43
       2.565     0.400000        11590         1.67
       2.739     0.500000        14479         2.00
       2.835     0.550000        15914         2.22
       2.923     0.600000        17341         2.50
       3.027     0.650000        18803         2.86
       3.135     0.700000        20232         3.33
       3.261     0.750000        21686         4.00
       3.331     0.775000        22402         4.44
       3.407     0.800000        23134         5.00
       3.485     0.825000        23844         5.71
       3.579     0.850000        24575         6.67
       3.685     0.875000        25300         8.00
       3.745     0.887500        25651         8.89
       3.813     0.900000        26012        10.00
       3.885     0.912500        26380        11.43
       3.969     0.925000        26742        13.33
       4.073     0.937500        27096        16.00
       4.127     0.943750        27277        17.78
       4.191     0.950000        27465        20.00
       4.259     0.956250        27638        22.86
       4.331     0.962500        27828        26.67
       4.403     0.968750        28006        32.00
       4.451     0.971875        28094        35.56
       4.507     0.975000        28180        40.00
       4.575     0.978125        28271        45.71
       4.635     0.981250        28361        53.33
       4.715     0.984375        28452        64.00
       4.759     0.985938        28497        71.11
       4.811     0.987500        28539        80.00
       4.859     0.989062        28586        91.43
       4.923     0.990625        28632       106.67
       4.983     0.992188        28676       128.00
       5.023     0.992969        28698       142.22
       5.071     0.993750        28721       160.00
       5.119     0.994531        28742       182.86
       5.199     0.995313        28766       213.33
       5.263     0.996094        28788       256.00
       5.303     0.996484        28801       284.44
       5.339     0.996875        28810       320.00
       5.383     0.997266        28821       365.71
       5.447     0.997656        28833       426.67
       5.495     0.998047        28845       512.00
       5.547     0.998242        28851       568.89
       5.591     0.998437        28855       640.00
       5.623     0.998633        28861       731.43
       5.679     0.998828        28867       853.33
       5.715     0.999023        28872      1024.00
       5.735     0.999121        28875      1137.78
       5.787     0.999219        28879      1280.00
       5.851     0.999316        28881      1462.86
       5.883     0.999414        28884      1706.67
       5.915     0.999512        28886      2048.00
       5.951     0.999561        28888      2275.56
       5.991     0.999609        28889      2560.00
       6.059     0.999658        28891      2925.71
       6.139     0.999707        28892      3413.33
       6.159     0.999756        28893      4096.00
       6.231     0.999780        28894      4551.11
       6.283     0.999805        28895      5120.00
       6.303     0.999829        28896      5851.43
       6.303     0.999854        28896      6826.67
       6.323     0.999878        28897      8192.00
       6.323     0.999890        28897      9102.22
       6.343     0.999902        28898     10240.00
       6.343     0.999915        28898     11702.86
       6.343     0.999927        28898     13653.33
       6.383     0.999939        28899     16384.00
       6.383     0.999945        28899     18204.44
       6.383     0.999951        28899     20480.00
       6.383     0.999957        28899     23405.71
       6.383     0.999963        28899     27306.67
       6.411     0.999969        28900     32768.00
       6.411     1.000000        28900          inf
#[Mean    =        2.821, StdDeviation   =        0.742]
#[Max     =        6.408, Total count    =        28900]
#[Buckets =           27, SubBuckets     =         2048]
----------------------------------------------------------
  30002 requests in 5.00m, 42.52MB read
Requests/sec:    100.00
Transfer/sec:    145.12KB
