Running 5m test @ http://169.254.140.128:8080/jsonVapor
  2 threads and 100 connections
  Thread calibration: mean lat.: 1245.696ms, rate sampling interval: 3168ms
  Thread calibration: mean lat.: 1225.070ms, rate sampling interval: 3170ms
  Thread Stats   Avg      Stdev     Max   +/- Stdev
    Latency    17.42s    22.11s    4.69m    95.83%
    Req/Sec    17.02      1.42    19.00     92.86%
  Latency Distribution (HdrHistogram - Recorded Latency)
 50.000%   10.95s 
 75.000%   25.17s 
 90.000%   34.21s 
 99.000%    2.37m 
 99.900%    4.67m 
 99.990%    4.69m 
 99.999%    4.70m 
100.000%    4.70m 

  Detailed Percentile spectrum:
       Value   Percentile   TotalCount 1/(1-Percentile)

    1229.823     0.000000            2         1.00
    3135.487     0.100000         1019         1.11
    4571.135     0.200000         2034         1.25
    6086.655     0.300000         3052         1.43
    7651.327     0.400000         4071         1.67
   10952.703     0.500000         5084         2.00
   13344.767     0.550000         5593         2.22
   16728.063     0.600000         6102         2.50
   19726.335     0.650000         6610         2.86
   22478.847     0.700000         7119         3.33
   25165.823     0.750000         7632         4.00
   26771.455     0.775000         7884         4.44
   28147.711     0.800000         8136         5.00
   29556.735     0.825000         8389         5.71
   31031.295     0.850000         8648         6.67
   32538.623     0.875000         8898         8.00
   33406.975     0.887500         9029         8.89
   34209.791     0.900000         9154        10.00
   35192.831     0.912500         9279        11.43
   36175.871     0.925000         9407        13.33
   37289.983     0.937500         9538        16.00
   37912.575     0.943750         9598        17.78
   38633.471     0.950000         9664        20.00
   39223.295     0.956250         9724        22.86
   40108.031     0.962500         9787        26.67
   41287.679     0.968750         9853        32.00
   41811.967     0.971875         9883        35.56
   42663.935     0.975000         9916        40.00
   43614.207     0.978125         9948        45.71
   44826.623     0.981250         9978        53.33
   47284.223     0.984375        10010        64.00
  130220.031     0.985938        10026        71.11
  133824.511     0.987500        10041        80.00
  139329.535     0.989062        10057        91.43
  142999.551     0.990625        10073       106.67
  147980.287     0.992188        10089       128.00
  151126.015     0.992969        10098       142.22
  153223.167     0.993750        10105       160.00
  156237.823     0.994531        10113       182.86
  159121.407     0.995313        10121       213.33
  159776.767     0.996094        10129       256.00
  161480.703     0.996484        10133       284.44
  163184.639     0.996875        10137       320.00
  164495.359     0.997266        10141       365.71
  165412.863     0.997656        10146       426.67
  166723.583     0.998047        10149       512.00
  276561.919     0.998242        10151       568.89
  277610.495     0.998437        10153       640.00
  278659.071     0.998633        10155       731.43
  279445.503     0.998828        10157       853.33
  280231.935     0.999023        10159      1024.00
  280756.223     0.999121        10161      1137.78
  280756.223     0.999219        10161      1280.00
  281542.655     0.999316        10167      1462.86
  281542.655     0.999414        10167      1706.67
  281542.655     0.999512        10167      2048.00
  281542.655     0.999561        10167      2275.56
  281542.655     0.999609        10167      2560.00
  281542.655     0.999658        10167      2925.71
  281542.655     0.999707        10167      3413.33
  281542.655     0.999756        10167      4096.00
  281542.655     0.999780        10167      4551.11
  281542.655     0.999805        10167      5120.00
  281542.655     0.999829        10167      5851.43
  281542.655     0.999854        10167      6826.67
  281542.655     0.999878        10167      8192.00
  281542.655     0.999890        10167      9102.22
  281804.799     0.999902        10168     10240.00
  281804.799     1.000000        10168          inf
#[Mean    =    17418.463, StdDeviation   =    22112.818]
#[Max     =   281542.656, Total count    =        10168]
#[Buckets =           27, SubBuckets     =         2048]
----------------------------------------------------------
  10531 requests in 5.00m, 140.80MB read
  Socket errors: connect 0, read 0, write 0, timeout 8862
Requests/sec:     35.10
Transfer/sec:    480.57KB
