Running 5m test @ http://169.254.140.128:8080/jsonVapor
  2 threads and 100 connections
  Thread calibration: mean lat.: 1131.592ms, rate sampling interval: 2828ms
  Thread calibration: mean lat.: 1120.526ms, rate sampling interval: 2734ms
  Thread Stats   Avg      Stdev     Max   +/- Stdev
    Latency    10.82s     6.16s   24.51s    55.77%
    Req/Sec    18.22      1.01    21.00     93.72%
  Latency Distribution (HdrHistogram - Recorded Latency)
 50.000%   11.47s 
 75.000%   16.20s 
 90.000%   18.86s 
 99.000%   21.84s 
 99.900%   23.77s 
 99.990%   24.48s 
 99.999%   24.53s 
100.000%   24.53s 

  Detailed Percentile spectrum:
       Value   Percentile   TotalCount 1/(1-Percentile)

    1173.503     0.000000            1         1.00
    2617.343     0.100000         1085         1.11
    4106.239     0.200000         2168         1.25
    5496.831     0.300000         3252         1.43
    8347.647     0.400000         4338         1.67
   11468.799     0.500000         5420         2.00
   12574.719     0.550000         5964         2.22
   13582.335     0.600000         6502         2.50
   14458.879     0.650000         7049         2.86
   15335.423     0.700000         7590         3.33
   16203.775     0.750000         8127         4.00
   16613.375     0.775000         8401         4.44
   17072.127     0.800000         8675         5.00
   17498.111     0.825000         8944         5.71
   17940.479     0.850000         9224         6.67
   18382.847     0.875000         9482         8.00
   18644.991     0.887500         9633         8.89
   18874.367     0.900000         9757        10.00
   19136.511     0.912500         9894        11.43
   19415.039     0.925000        10026        13.33
   19709.951     0.937500        10161        16.00
   19890.175     0.943750        10230        17.78
   20054.015     0.950000        10297        20.00
   20283.391     0.956250        10363        22.86
   20512.767     0.962500        10431        26.67
   20709.375     0.968750        10499        32.00
   20873.215     0.971875        10537        35.56
   20971.519     0.975000        10566        40.00
   21102.591     0.978125        10600        45.71
   21266.431     0.981250        10634        53.33
   21430.271     0.984375        10667        64.00
   21528.575     0.985938        10686        71.11
   21610.495     0.987500        10702        80.00
   21774.335     0.989062        10718        91.43
   21905.407     0.990625        10735       106.67
   22118.399     0.992188        10752       128.00
   22233.087     0.992969        10761       142.22
   22396.927     0.993750        10769       160.00
   22560.767     0.994531        10778       182.86
   22724.607     0.995313        10787       213.33
   22855.679     0.996094        10794       256.00
   22937.599     0.996484        10798       284.44
   23068.671     0.996875        10805       320.00
   23150.591     0.997266        10807       365.71
   23248.895     0.997656        10811       426.67
   23461.887     0.998047        10815       512.00
   23576.575     0.998242        10817       568.89
   23625.727     0.998437        10820       640.00
   23674.879     0.998633        10822       731.43
   23740.415     0.998828        10824       853.33
   23871.487     0.999023        10826      1024.00
   24051.711     0.999121        10827      1137.78
   24100.863     0.999219        10828      1280.00
   24166.399     0.999316        10829      1462.86
   24182.783     0.999414        10830      1706.67
   24231.935     0.999512        10831      2048.00
   24248.319     0.999561        10832      2275.56
   24248.319     0.999609        10832      2560.00
   24264.703     0.999658        10833      2925.71
   24264.703     0.999707        10833      3413.33
   24395.775     0.999756        10834      4096.00
   24395.775     0.999780        10834      4551.11
   24395.775     0.999805        10834      5120.00
   24477.695     0.999829        10835      5851.43
   24477.695     0.999854        10835      6826.67
   24477.695     0.999878        10835      8192.00
   24477.695     0.999890        10835      9102.22
   24477.695     0.999902        10835     10240.00
   24526.847     0.999915        10836     11702.86
   24526.847     1.000000        10836          inf
#[Mean    =    10822.197, StdDeviation   =     6157.976]
#[Max     =    24510.464, Total count    =        10836]
#[Buckets =           27, SubBuckets     =         2048]
----------------------------------------------------------
  11201 requests in 5.00m, 149.76MB read
  Socket errors: connect 0, read 0, write 0, timeout 8943
Requests/sec:     37.32
Transfer/sec:    511.01KB
