Running 5m test @ http://169.254.140.128:8080/plaintextKitura
  2 threads and 100 connections
  Thread calibration: mean lat.: 2.439ms, rate sampling interval: 10ms
  Thread calibration: mean lat.: 2.413ms, rate sampling interval: 10ms
  Thread Stats   Avg      Stdev     Max   +/- Stdev
    Latency     2.42ms  722.87us  19.55ms   70.38%
    Req/Sec    58.82     97.91   444.00     75.10%
  Latency Distribution (HdrHistogram - Recorded Latency)
 50.000%    2.38ms
 75.000%    2.87ms
 90.000%    3.32ms
 99.000%    4.10ms
 99.900%    5.39ms
 99.990%   14.61ms
 99.999%   19.57ms
100.000%   19.57ms

  Detailed Percentile spectrum:
       Value   Percentile   TotalCount 1/(1-Percentile)

       0.534     0.000000            1         1.00
       1.553     0.100000         2894         1.11
       1.819     0.200000         5782         1.25
       2.030     0.300000         8676         1.43
       2.207     0.400000        11565         1.67
       2.379     0.500000        14465         2.00
       2.465     0.550000        15907         2.22
       2.553     0.600000        17341         2.50
       2.651     0.650000        18800         2.86
       2.755     0.700000        20248         3.33
       2.865     0.750000        21675         4.00
       2.933     0.775000        22424         4.44
       2.997     0.800000        23139         5.00
       3.071     0.825000        23861         5.71
       3.141     0.850000        24570         6.67
       3.225     0.875000        25293         8.00
       3.267     0.887500        25668         8.89
       3.317     0.900000        26020        10.00
       3.371     0.912500        26383        11.43
       3.433     0.925000        26741        13.33
       3.499     0.937500        27094        16.00
       3.535     0.943750        27286        17.78
       3.581     0.950000        27457        20.00
       3.627     0.956250        27641        22.86
       3.687     0.962500        27827        26.67
       3.743     0.968750        28000        32.00
       3.773     0.971875        28088        35.56
       3.811     0.975000        28179        40.00
       3.863     0.978125        28269        45.71
       3.907     0.981250        28362        53.33
       3.963     0.984375        28449        64.00
       3.989     0.985938        28495        71.11
       4.033     0.987500        28543        80.00
       4.079     0.989062        28587        91.43
       4.119     0.990625        28630       106.67
       4.179     0.992188        28675       128.00
       4.215     0.992969        28697       142.22
       4.263     0.993750        28722       160.00
       4.299     0.994531        28744       182.86
       4.359     0.995313        28765       213.33
       4.407     0.996094        28790       256.00
       4.447     0.996484        28800       284.44
       4.491     0.996875        28810       320.00
       4.527     0.997266        28821       365.71
       4.551     0.997656        28833       426.67
       4.631     0.998047        28844       512.00
       4.655     0.998242        28850       568.89
       4.679     0.998437        28856       640.00
       4.827     0.998633        28861       731.43
       5.135     0.998828        28867       853.33
       5.543     0.999023        28872      1024.00
       5.731     0.999121        28875      1137.78
       5.867     0.999219        28878      1280.00
       6.623     0.999316        28881      1462.86
       7.555     0.999414        28884      1706.67
       8.791     0.999512        28886      2048.00
       9.551     0.999561        28888      2275.56
       9.791     0.999609        28889      2560.00
      10.271     0.999658        28891      2925.71
      10.367     0.999707        28892      3413.33
      10.919     0.999756        28893      4096.00
      10.927     0.999780        28894      4551.11
      13.119     0.999805        28895      5120.00
      14.311     0.999829        28896      5851.43
      14.311     0.999854        28896      6826.67
      14.607     0.999878        28898      8192.00
      14.607     0.999890        28898      9102.22
      14.607     0.999902        28898     10240.00
      14.607     0.999915        28898     11702.86
      14.607     0.999927        28898     13653.33
      18.383     0.999939        28899     16384.00
      18.383     0.999945        28899     18204.44
      18.383     0.999951        28899     20480.00
      18.383     0.999957        28899     23405.71
      18.383     0.999963        28899     27306.67
      19.567     0.999969        28900     32768.00
      19.567     1.000000        28900          inf
#[Mean    =        2.420, StdDeviation   =        0.723]
#[Max     =       19.552, Total count    =        28900]
#[Buckets =           27, SubBuckets     =         2048]
----------------------------------------------------------
  30002 requests in 5.00m, 20.71MB read
Requests/sec:    100.01
Transfer/sec:     70.67KB
