Running 5m test @ http://169.254.140.128:8080/plaintextVapor
  2 threads and 1000 connections
  Thread calibration: mean lat.: 7.577ms, rate sampling interval: 22ms
  Thread calibration: mean lat.: 7.460ms, rate sampling interval: 22ms
  Thread Stats   Avg      Stdev     Max   +/- Stdev
    Latency     5.83ms    2.14ms  13.85ms   69.57%
    Req/Sec    69.24    292.00     1.57k    94.61%
  Latency Distribution (HdrHistogram - Recorded Latency)
 50.000%    5.43ms
 75.000%    7.05ms
 90.000%    9.05ms
 99.000%   11.54ms
 99.900%   12.75ms
 99.990%   13.38ms
 99.999%   13.85ms
100.000%   13.85ms

  Detailed Percentile spectrum:
       Value   Percentile   TotalCount 1/(1-Percentile)

       0.768     0.000000            1         1.00
       3.431     0.100000         3681         1.11
       4.057     0.200000         7368         1.25
       4.527     0.300000        11061         1.43
       4.967     0.400000        14723         1.67
       5.427     0.500000        18414         2.00
       5.675     0.550000        20243         2.22
       5.955     0.600000        22100         2.50
       6.283     0.650000        23932         2.86
       6.631     0.700000        25760         3.33
       7.047     0.750000        27603         4.00
       7.295     0.775000        28533         4.44
       7.587     0.800000        29442         5.00
       7.895     0.825000        30377         5.71
       8.231     0.850000        31284         6.67
       8.623     0.875000        32209         8.00
       8.831     0.887500        32660         8.89
       9.047     0.900000        33131        10.00
       9.255     0.912500        33587        11.43
       9.503     0.925000        34049        13.33
       9.759     0.937500        34505        16.00
       9.895     0.943750        34732        17.78
      10.039     0.950000        34969        20.00
      10.191     0.956250        35190        22.86
      10.367     0.962500        35432        26.67
      10.551     0.968750        35651        32.00
      10.647     0.971875        35768        35.56
      10.751     0.975000        35882        40.00
      10.887     0.978125        35999        45.71
      11.015     0.981250        36113        53.33
      11.159     0.984375        36228        64.00
      11.263     0.985938        36284        71.11
      11.367     0.987500        36344        80.00
      11.495     0.989062        36398        91.43
      11.583     0.990625        36457       106.67
      11.735     0.992188        36516       128.00
      11.807     0.992969        36542       142.22
      11.895     0.993750        36571       160.00
      11.983     0.994531        36601       182.86
      12.087     0.995313        36628       213.33
      12.175     0.996094        36657       256.00
      12.231     0.996484        36672       284.44
      12.271     0.996875        36687       320.00
      12.303     0.997266        36701       365.71
      12.351     0.997656        36717       426.67
      12.415     0.998047        36729       512.00
      12.511     0.998242        36738       568.89
      12.551     0.998437        36743       640.00
      12.607     0.998633        36754       731.43
      12.631     0.998828        36757       853.33
      12.759     0.999023        36765      1024.00
      12.791     0.999121        36768      1137.78
      12.831     0.999219        36772      1280.00
      12.871     0.999316        36775      1462.86
      12.927     0.999414        36779      1706.67
      13.039     0.999512        36783      2048.00
      13.079     0.999561        36785      2275.56
      13.095     0.999609        36787      2560.00
      13.103     0.999658        36788      2925.71
      13.119     0.999707        36791      3413.33
      13.151     0.999756        36792      4096.00
      13.151     0.999780        36792      4551.11
      13.199     0.999805        36793      5120.00
      13.247     0.999829        36794      5851.43
      13.303     0.999854        36795      6826.67
      13.383     0.999878        36796      8192.00
      13.383     0.999890        36796      9102.22
      13.471     0.999902        36797     10240.00
      13.471     0.999915        36797     11702.86
      13.527     0.999927        36798     13653.33
      13.527     0.999939        36798     16384.00
      13.527     0.999945        36798     18204.44
      13.575     0.999951        36799     20480.00
      13.575     0.999957        36799     23405.71
      13.575     0.999963        36799     27306.67
      13.575     0.999969        36799     32768.00
      13.575     0.999973        36799     36408.89
      13.855     0.999976        36800     40960.00
      13.855     1.000000        36800          inf
#[Mean    =        5.830, StdDeviation   =        2.144]
#[Max     =       13.848, Total count    =        36800]
#[Buckets =           27, SubBuckets     =         2048]
----------------------------------------------------------
  38274 requests in 5.00m, 25.88MB read
  Socket errors: connect 749, read 0, write 0, timeout 138528
Requests/sec:    127.57
Transfer/sec:     88.33KB
