Running 5m test @ http://169.254.140.128:8080/plaintextPerfect
  2 threads and 1000 connections
  Thread calibration: mean lat.: 11.208ms, rate sampling interval: 30ms
  Thread calibration: mean lat.: 11.076ms, rate sampling interval: 29ms
  Thread Stats   Avg      Stdev     Max   +/- Stdev
    Latency     9.65ms    2.97ms  23.84ms   67.26%
    Req/Sec   266.27      0.91k    4.45k    91.82%
  Latency Distribution (HdrHistogram - Recorded Latency)
 50.000%    9.87ms
 75.000%   11.74ms
 90.000%   13.26ms
 99.000%   16.08ms
 99.900%   18.93ms
 99.990%   22.37ms
 99.999%   23.47ms
100.000%   23.85ms

  Detailed Percentile spectrum:
       Value   Percentile   TotalCount 1/(1-Percentile)

       0.830     0.000000            1         1.00
       5.495     0.100000        14443         1.11
       7.047     0.200000        28882         1.25
       8.231     0.300000        43356         1.43
       9.111     0.400000        57764         1.67
       9.871     0.500000        72181         2.00
      10.239     0.550000        79489         2.22
      10.599     0.600000        86743         2.50
      10.967     0.650000        93981         2.86
      11.335     0.700000       101040         3.33
      11.743     0.750000       108375         4.00
      11.951     0.775000       111926         4.44
      12.167     0.800000       115528         5.00
      12.407     0.825000       119133         5.71
      12.663     0.850000       122712         6.67
      12.943     0.875000       126286         8.00
      13.095     0.887500       128101         8.89
      13.263     0.900000       129913        10.00
      13.455     0.912500       131748        11.43
      13.663     0.925000       133539        13.33
      13.895     0.937500       135313        16.00
      14.031     0.943750       136235        17.78
      14.183     0.950000       137147        20.00
      14.343     0.956250       138031        22.86
      14.519     0.962500       138936        26.67
      14.727     0.968750       139815        32.00
      14.847     0.971875       140274        35.56
      14.983     0.975000       140732        40.00
      15.135     0.978125       141174        45.71
      15.319     0.981250       141632        53.33
      15.527     0.984375       142085        64.00
      15.655     0.985938       142296        71.11
      15.807     0.987500       142524        80.00
      15.983     0.989062       142748        91.43
      16.159     0.990625       142980       106.67
      16.351     0.992188       143204       128.00
      16.479     0.992969       143318       142.22
      16.639     0.993750       143435       160.00
      16.783     0.994531       143537       182.86
      16.975     0.995313       143650       213.33
      17.247     0.996094       143762       256.00
      17.375     0.996484       143823       284.44
      17.535     0.996875       143876       320.00
      17.727     0.997266       143934       365.71
      17.903     0.997656       143990       426.67
      18.079     0.998047       144046       512.00
      18.207     0.998242       144074       568.89
      18.367     0.998437       144100       640.00
      18.511     0.998633       144128       731.43
      18.687     0.998828       144156       853.33
      18.943     0.999023       144187      1024.00
      19.007     0.999121       144201      1137.78
      19.087     0.999219       144214      1280.00
      19.247     0.999316       144228      1462.86
      19.535     0.999414       144241      1706.67
      19.839     0.999512       144256      2048.00
      20.047     0.999561       144263      2275.56
      20.303     0.999609       144269      2560.00
      20.735     0.999658       144277      2925.71
      20.991     0.999707       144284      3413.33
      21.087     0.999756       144290      4096.00
      21.327     0.999780       144294      4551.11
      21.487     0.999805       144297      5120.00
      21.727     0.999829       144301      5851.43
      21.839     0.999854       144304      6826.67
      22.127     0.999878       144308      8192.00
      22.367     0.999890       144311      9102.22
      22.367     0.999902       144311     10240.00
      22.767     0.999915       144313     11702.86
      22.847     0.999927       144315     13653.33
      22.927     0.999939       144317     16384.00
      23.183     0.999945       144319     18204.44
      23.183     0.999951       144319     20480.00
      23.183     0.999957       144319     23405.71
      23.247     0.999963       144320     27306.67
      23.263     0.999969       144321     32768.00
      23.279     0.999973       144322     36408.89
      23.279     0.999976       144322     40960.00
      23.279     0.999979       144322     46811.43
      23.343     0.999982       144323     54613.33
      23.343     0.999985       144323     65536.00
      23.471     0.999986       144324     72817.78
      23.471     0.999988       144324     81920.00
      23.471     0.999989       144324     93622.86
      23.471     0.999991       144324    109226.67
      23.471     0.999992       144324    131072.00
      23.855     0.999993       144325    145635.56
      23.855     1.000000       144325          inf
#[Mean    =        9.650, StdDeviation   =        2.966]
#[Max     =       23.840, Total count    =       144325]
#[Buckets =           27, SubBuckets     =         2048]
----------------------------------------------------------
  150101 requests in 5.00m, 97.34MB read
  Socket errors: connect 749, read 0, write 0, timeout 110852
Requests/sec:    500.32
Transfer/sec:    332.24KB
