Running 5m test @ http://169.254.140.128:8080/plaintextPerfect
  2 threads and 500 connections
  Thread calibration: mean lat.: 2.295ms, rate sampling interval: 10ms
  Thread calibration: mean lat.: 4.747ms, rate sampling interval: 16ms
  Thread Stats   Avg      Stdev     Max   +/- Stdev
    Latency     2.56ms    1.08ms  12.94ms   80.01%
    Req/Sec   308.93    368.36     3.27k    98.27%
  Latency Distribution (HdrHistogram - Recorded Latency)
 50.000%    2.38ms
 75.000%    2.97ms
 90.000%    3.70ms
 99.000%    6.89ms
 99.900%    9.90ms
 99.990%   11.01ms
 99.999%   11.53ms
100.000%   12.95ms

  Detailed Percentile spectrum:
       Value   Percentile   TotalCount 1/(1-Percentile)

       0.449     0.000000            2         1.00
       1.498     0.100000        14519         1.11
       1.762     0.200000        29022         1.25
       1.972     0.300000        43535         1.43
       2.177     0.400000        57981         1.67
       2.379     0.500000        72524         2.00
       2.483     0.550000        79756         2.22
       2.593     0.600000        87037         2.50
       2.707     0.650000        94229         2.86
       2.831     0.700000       101476         3.33
       2.973     0.750000       108697         4.00
       3.053     0.775000       112373         4.44
       3.145     0.800000       115966         5.00
       3.245     0.825000       119572         5.71
       3.367     0.850000       123224         6.67
       3.519     0.875000       126837         8.00
       3.603     0.887500       128635         8.89
       3.703     0.900000       130450        10.00
       3.817     0.912500       132247        11.43
       3.951     0.925000       134062        13.33
       4.127     0.937500       135897        16.00
       4.235     0.943750       136785        17.78
       4.375     0.950000       137699        20.00
       4.543     0.956250       138592        22.86
       4.739     0.962500       139495        26.67
       4.987     0.968750       140405        32.00
       5.127     0.971875       140852        35.56
       5.307     0.975000       141315        40.00
       5.527     0.978125       141763        45.71
       5.795     0.981250       142213        53.33
       6.115     0.984375       142669        64.00
       6.291     0.985938       142890        71.11
       6.487     0.987500       143117        80.00
       6.711     0.989062       143343        91.43
       7.007     0.990625       143571       106.67
       7.299     0.992188       143796       128.00
       7.495     0.992969       143910       142.22
       7.687     0.993750       144023       160.00
       7.887     0.994531       144137       182.86
       8.171     0.995313       144249       213.33
       8.471     0.996094       144364       256.00
       8.591     0.996484       144420       284.44
       8.735     0.996875       144476       320.00
       8.895     0.997266       144531       365.71
       9.095     0.997656       144588       426.67
       9.319     0.998047       144646       512.00
       9.415     0.998242       144673       568.89
       9.511     0.998437       144701       640.00
       9.655     0.998633       144730       731.43
       9.751     0.998828       144758       853.33
       9.919     0.999023       144787      1024.00
      10.023     0.999121       144801      1137.78
      10.071     0.999219       144814      1280.00
      10.175     0.999316       144828      1462.86
      10.303     0.999414       144844      1706.67
      10.447     0.999512       144857      2048.00
      10.535     0.999561       144864      2275.56
      10.567     0.999609       144872      2560.00
      10.607     0.999658       144878      2925.71
      10.647     0.999707       144885      3413.33
      10.703     0.999756       144892      4096.00
      10.783     0.999780       144896      4551.11
      10.815     0.999805       144899      5120.00
      10.855     0.999829       144903      5851.43
      10.887     0.999854       144906      6826.67
      10.951     0.999878       144910      8192.00
      10.991     0.999890       144912      9102.22
      11.007     0.999902       144913     10240.00
      11.079     0.999915       144915     11702.86
      11.135     0.999927       144917     13653.33
      11.175     0.999939       144919     16384.00
      11.215     0.999945       144920     18204.44
      11.215     0.999951       144920     20480.00
      11.231     0.999957       144921     23405.71
      11.319     0.999963       144922     27306.67
      11.375     0.999969       144923     32768.00
      11.447     0.999973       144924     36408.89
      11.447     0.999976       144924     40960.00
      11.447     0.999979       144924     46811.43
      11.519     0.999982       144925     54613.33
      11.519     0.999985       144925     65536.00
      11.535     0.999986       144926     72817.78
      11.535     0.999988       144926     81920.00
      11.535     0.999989       144926     93622.86
      11.535     0.999991       144926    109226.67
      11.535     0.999992       144926    131072.00
      12.951     0.999993       144927    145635.56
      12.951     1.000000       144927          inf
#[Mean    =        2.558, StdDeviation   =        1.084]
#[Max     =       12.944, Total count    =       144927]
#[Buckets =           27, SubBuckets     =         2048]
----------------------------------------------------------
  150402 requests in 5.00m, 97.54MB read
  Socket errors: connect 249, read 0, write 0, timeout 37101
Requests/sec:    501.33
Transfer/sec:    332.91KB
