Running 5m test @ http://169.254.140.128:8080/plaintextVapor
  2 threads and 500 connections
  Thread calibration: mean lat.: 2.515ms, rate sampling interval: 10ms
  Thread calibration: mean lat.: 9223372036854776.000ms, rate sampling interval: 10ms
  Thread Stats   Avg      Stdev     Max   +/- Stdev
    Latency     2.55ms  664.43us   8.00ms   67.51%
    Req/Sec    73.58    104.87   333.00     69.29%
  Latency Distribution (HdrHistogram - Recorded Latency)
 50.000%    2.51ms
 75.000%    2.97ms
 90.000%    3.46ms
 99.000%    4.23ms
 99.900%    4.93ms
 99.990%    5.33ms
 99.999%    8.01ms
100.000%    8.01ms

  Detailed Percentile spectrum:
       Value   Percentile   TotalCount 1/(1-Percentile)

       0.604     0.000000            1         1.00
       1.726     0.100000         3701         1.11
       1.979     0.200000         7392         1.25
       2.175     0.300000        11087         1.43
       2.345     0.400000        14798         1.67
       2.505     0.500000        18507         2.00
       2.585     0.550000        20320         2.22
       2.671     0.600000        22203         2.50
       2.759     0.650000        24046         2.86
       2.859     0.700000        25869         3.33
       2.971     0.750000        27723         4.00
       3.035     0.775000        28632         4.44
       3.107     0.800000        29554         5.00
       3.187     0.825000        30497         5.71
       3.275     0.850000        31404         6.67
       3.365     0.875000        32329         8.00
       3.411     0.887500        32788         8.89
       3.465     0.900000        33256        10.00
       3.517     0.912500        33711        11.43
       3.577     0.925000        34180        13.33
       3.639     0.937500        34643        16.00
       3.673     0.943750        34872        17.78
       3.713     0.950000        35110        20.00
       3.757     0.956250        35331        22.86
       3.807     0.962500        35558        26.67
       3.869     0.968750        35788        32.00
       3.905     0.971875        35906        35.56
       3.941     0.975000        36020        40.00
       3.987     0.978125        36134        45.71
       4.039     0.981250        36252        53.33
       4.093     0.984375        36367        64.00
       4.123     0.985938        36430        71.11
       4.159     0.987500        36486        80.00
       4.203     0.989062        36538        91.43
       4.251     0.990625        36596       106.67
       4.311     0.992188        36655       128.00
       4.347     0.992969        36685       142.22
       4.379     0.993750        36713       160.00
       4.415     0.994531        36740       182.86
       4.467     0.995313        36769       213.33
       4.531     0.996094        36803       256.00
       4.571     0.996484        36816       284.44
       4.599     0.996875        36827       320.00
       4.647     0.997266        36841       365.71
       4.691     0.997656        36856       426.67
       4.751     0.998047        36870       512.00
       4.775     0.998242        36878       568.89
       4.811     0.998437        36885       640.00
       4.839     0.998633        36892       731.43
       4.879     0.998828        36899       853.33
       4.939     0.999023        36906      1024.00
       4.967     0.999121        36910      1137.78
       4.987     0.999219        36914      1280.00
       5.015     0.999316        36917      1462.86
       5.063     0.999414        36921      1706.67
       5.083     0.999512        36924      2048.00
       5.095     0.999561        36926      2275.56
       5.115     0.999609        36928      2560.00
       5.155     0.999658        36930      2925.71
       5.167     0.999707        36932      3413.33
       5.191     0.999756        36933      4096.00
       5.271     0.999780        36934      4551.11
       5.279     0.999805        36935      5120.00
       5.327     0.999829        36936      5851.43
       5.331     0.999854        36938      6826.67
       5.331     0.999878        36938      8192.00
       5.331     0.999890        36938      9102.22
       5.379     0.999902        36939     10240.00
       5.379     0.999915        36939     11702.86
       5.407     0.999927        36940     13653.33
       5.407     0.999939        36940     16384.00
       5.407     0.999945        36940     18204.44
       5.571     0.999951        36941     20480.00
       5.571     0.999957        36941     23405.71
       5.571     0.999963        36941     27306.67
       5.571     0.999969        36941     32768.00
       5.571     0.999973        36941     36408.89
       8.007     0.999976        36942     40960.00
       8.007     1.000000        36942          inf
#[Mean    =        2.553, StdDeviation   =        0.664]
#[Max     =        8.004, Total count    =        36942]
#[Buckets =           27, SubBuckets     =         2048]
----------------------------------------------------------
  38401 requests in 5.02m, 25.97MB read
  Socket errors: connect 249, read 0, write 0, timeout 65214
Requests/sec:    127.41
Transfer/sec:     88.22KB
