Running 5m test @ http://169.254.140.128:8080/plaintextPerfect
  2 threads and 100 connections
  Thread calibration: mean lat.: 2.455ms, rate sampling interval: 10ms
  Thread calibration: mean lat.: 4.235ms, rate sampling interval: 11ms
  Thread Stats   Avg      Stdev     Max   +/- Stdev
    Latency     3.13ms    1.10ms   9.02ms   67.12%
    Req/Sec    58.28    336.33     5.00k    99.22%
  Latency Distribution (HdrHistogram - Recorded Latency)
 50.000%    3.03ms
 75.000%    3.85ms
 90.000%    4.61ms
 99.000%    6.00ms
 99.900%    7.02ms
 99.990%    7.69ms
 99.999%    9.02ms
100.000%    9.02ms

  Detailed Percentile spectrum:
       Value   Percentile   TotalCount 1/(1-Percentile)

       0.543     0.000000            1         1.00
       1.768     0.100000         2891         1.11
       2.155     0.200000         5785         1.25
       2.455     0.300000         8675         1.43
       2.735     0.400000        11583         1.67
       3.025     0.500000        14455         2.00
       3.173     0.550000        15899         2.22
       3.331     0.600000        17356         2.50
       3.487     0.650000        18798         2.86
       3.669     0.700000        20246         3.33
       3.851     0.750000        21678         4.00
       3.953     0.775000        22405         4.44
       4.059     0.800000        23133         5.00
       4.175     0.825000        23848         5.71
       4.295     0.850000        24566         6.67
       4.435     0.875000        25302         8.00
       4.515     0.887500        25652         8.89
       4.615     0.900000        26011        10.00
       4.703     0.912500        26385        11.43
       4.811     0.925000        26742        13.33
       4.931     0.937500        27099        16.00
       5.003     0.943750        27275        17.78
       5.079     0.950000        27463        20.00
       5.163     0.956250        27638        22.86
       5.247     0.962500        27818        26.67
       5.359     0.968750        27997        32.00
       5.419     0.971875        28088        35.56
       5.491     0.975000        28182        40.00
       5.571     0.978125        28270        45.71
       5.671     0.981250        28361        53.33
       5.771     0.984375        28450        64.00
       5.823     0.985938        28495        71.11
       5.875     0.987500        28539        80.00
       5.963     0.989062        28585        91.43
       6.031     0.990625        28631       106.67
       6.135     0.992188        28678       128.00
       6.167     0.992969        28697       142.22
       6.227     0.993750        28720       160.00
       6.283     0.994531        28743       182.86
       6.339     0.995313        28766       213.33
       6.411     0.996094        28788       256.00
       6.447     0.996484        28801       284.44
       6.499     0.996875        28810       320.00
       6.539     0.997266        28821       365.71
       6.619     0.997656        28834       426.67
       6.691     0.998047        28845       512.00
       6.723     0.998242        28850       568.89
       6.763     0.998437        28855       640.00
       6.807     0.998633        28861       731.43
       6.891     0.998828        28867       853.33
       7.035     0.999023        28872      1024.00
       7.123     0.999121        28875      1137.78
       7.167     0.999219        28878      1280.00
       7.215     0.999316        28881      1462.86
       7.279     0.999414        28884      1706.67
       7.307     0.999512        28886      2048.00
       7.327     0.999561        28888      2275.56
       7.335     0.999609        28889      2560.00
       7.415     0.999658        28891      2925.71
       7.427     0.999707        28892      3413.33
       7.515     0.999756        28893      4096.00
       7.611     0.999780        28894      4551.11
       7.619     0.999805        28895      5120.00
       7.643     0.999829        28896      5851.43
       7.643     0.999854        28896      6826.67
       7.687     0.999878        28897      8192.00
       7.687     0.999890        28897      9102.22
       7.935     0.999902        28898     10240.00
       7.935     0.999915        28898     11702.86
       7.935     0.999927        28898     13653.33
       7.967     0.999939        28899     16384.00
       7.967     0.999945        28899     18204.44
       7.967     0.999951        28899     20480.00
       7.967     0.999957        28899     23405.71
       7.967     0.999963        28899     27306.67
       9.023     0.999969        28900     32768.00
       9.023     1.000000        28900          inf
#[Mean    =        3.128, StdDeviation   =        1.097]
#[Max     =        9.016, Total count    =        28900]
#[Buckets =           27, SubBuckets     =         2048]
----------------------------------------------------------
  29953 requests in 5.00m, 19.42MB read
Requests/sec:     99.84
Transfer/sec:     66.30KB
