Running 5m test @ http://169.254.140.128:8080/plaintextVapor
  2 threads and 1000 connections
  Thread calibration: mean lat.: 7.123ms, rate sampling interval: 21ms
  Thread calibration: mean lat.: 7.060ms, rate sampling interval: 20ms
  Thread Stats   Avg      Stdev     Max   +/- Stdev
    Latency     6.21ms    2.04ms  13.22ms   68.41%
    Req/Sec    70.22    303.36     1.74k    94.83%
  Latency Distribution (HdrHistogram - Recorded Latency)
 50.000%    5.89ms
 75.000%    7.44ms
 90.000%    9.18ms
 99.000%   11.40ms
 99.900%   12.47ms
 99.990%   13.00ms
 99.999%   13.22ms
100.000%   13.22ms

  Detailed Percentile spectrum:
       Value   Percentile   TotalCount 1/(1-Percentile)

       0.572     0.000000            1         1.00
       3.831     0.100000         3681         1.11
       4.507     0.200000         7373         1.25
       4.987     0.300000        11063         1.43
       5.419     0.400000        14732         1.67
       5.891     0.500000        18415         2.00
       6.151     0.550000        20249         2.22
       6.435     0.600000        22099         2.50
       6.723     0.650000        23947         2.86
       7.051     0.700000        25781         3.33
       7.443     0.750000        27614         4.00
       7.671     0.775000        28520         4.44
       7.931     0.800000        29452         5.00
       8.207     0.825000        30371         5.71
       8.511     0.850000        31284         6.67
       8.831     0.875000        32219         8.00
       9.007     0.887500        32678         8.89
       9.175     0.900000        33120        10.00
       9.383     0.912500        33583        11.43
       9.607     0.925000        34049        13.33
       9.855     0.937500        34502        16.00
       9.991     0.943750        34734        17.78
      10.135     0.950000        34962        20.00
      10.279     0.956250        35198        22.86
      10.423     0.962500        35425        26.67
      10.583     0.968750        35661        32.00
      10.663     0.971875        35769        35.56
      10.783     0.975000        35887        40.00
      10.903     0.978125        36000        45.71
      11.007     0.981250        36116        53.33
      11.135     0.984375        36233        64.00
      11.207     0.985938        36285        71.11
      11.279     0.987500        36347        80.00
      11.351     0.989062        36403        91.43
      11.439     0.990625        36462       106.67
      11.543     0.992188        36515       128.00
      11.599     0.992969        36545       142.22
      11.671     0.993750        36570       160.00
      11.743     0.994531        36600       182.86
      11.823     0.995313        36628       213.33
      11.919     0.996094        36658       256.00
      11.951     0.996484        36672       284.44
      12.015     0.996875        36686       320.00
      12.071     0.997266        36701       365.71
      12.127     0.997656        36714       426.67
      12.207     0.998047        36731       512.00
      12.247     0.998242        36736       568.89
      12.279     0.998437        36743       640.00
      12.311     0.998633        36750       731.43
      12.431     0.998828        36758       853.33
      12.487     0.999023        36765      1024.00
      12.527     0.999121        36768      1137.78
      12.559     0.999219        36773      1280.00
      12.575     0.999316        36775      1462.86
      12.615     0.999414        36780      1706.67
      12.631     0.999512        36783      2048.00
      12.647     0.999561        36784      2275.56
      12.695     0.999609        36786      2560.00
      12.751     0.999658        36789      2925.71
      12.839     0.999707        36790      3413.33
      12.863     0.999756        36793      4096.00
      12.863     0.999780        36793      4551.11
      12.863     0.999805        36793      5120.00
      12.935     0.999829        36794      5851.43
      12.991     0.999854        36795      6826.67
      12.999     0.999878        36796      8192.00
      12.999     0.999890        36796      9102.22
      13.015     0.999902        36797     10240.00
      13.015     0.999915        36797     11702.86
      13.039     0.999927        36798     13653.33
      13.039     0.999939        36798     16384.00
      13.039     0.999945        36798     18204.44
      13.103     0.999951        36799     20480.00
      13.103     0.999957        36799     23405.71
      13.103     0.999963        36799     27306.67
      13.103     0.999969        36799     32768.00
      13.103     0.999973        36799     36408.89
      13.223     0.999976        36800     40960.00
      13.223     1.000000        36800          inf
#[Mean    =        6.210, StdDeviation   =        2.041]
#[Max     =       13.216, Total count    =        36800]
#[Buckets =           27, SubBuckets     =         2048]
----------------------------------------------------------
  38274 requests in 5.00m, 25.88MB read
  Socket errors: connect 749, read 0, write 0, timeout 138528
Requests/sec:    127.57
Transfer/sec:     88.33KB
