Running 5m test @ http://169.254.32.152:8080/htmlVapor
  2 threads and 5 connections
  Thread calibration: mean lat.: 3.390ms, rate sampling interval: 13ms
  Thread calibration: mean lat.: 3.444ms, rate sampling interval: 14ms
  Thread Stats   Avg      Stdev     Max   +/- Stdev
    Latency     2.44ms    1.17ms  43.36ms   89.15%
    Req/Sec    53.08     60.95   250.00     73.82%
  Latency Distribution (HdrHistogram - Recorded Latency)
 50.000%    2.30ms
 75.000%    2.82ms
 90.000%    3.40ms
 99.000%    4.86ms
 99.900%   15.32ms
 99.990%   42.08ms
 99.999%   43.39ms
100.000%   43.39ms

  Detailed Percentile spectrum:
       Value   Percentile   TotalCount 1/(1-Percentile)

       0.444     0.000000            1         1.00
       1.537     0.100000         2906         1.11
       1.779     0.200000         5811         1.25
       1.962     0.300000         8700         1.43
       2.131     0.400000        11602         1.67
       2.299     0.500000        14537         2.00
       2.383     0.550000        15950         2.22
       2.473     0.600000        17422         2.50
       2.579     0.650000        18878         2.86
       2.691     0.700000        20314         3.33
       2.819     0.750000        21759         4.00
       2.887     0.775000        22476         4.44
       2.963     0.800000        23202         5.00
       3.051     0.825000        23938         5.71
       3.141     0.850000        24651         6.67
       3.261     0.875000        25375         8.00
       3.327     0.887500        25735         8.89
       3.405     0.900000        26098        10.00
       3.489     0.912500        26462        11.43
       3.601     0.925000        26824        13.33
       3.739     0.937500        27187        16.00
       3.817     0.943750        27367        17.78
       3.903     0.950000        27548        20.00
       3.989     0.956250        27731        22.86
       4.087     0.962500        27912        26.67
       4.191     0.968750        28091        32.00
       4.263     0.971875        28184        35.56
       4.323     0.975000        28272        40.00
       4.395     0.978125        28366        45.71
       4.495     0.981250        28453        53.33
       4.615     0.984375        28543        64.00
       4.675     0.985938        28591        71.11
       4.735     0.987500        28634        80.00
       4.807     0.989062        28679        91.43
       4.899     0.990625        28727       106.67
       5.015     0.992188        28770       128.00
       5.095     0.992969        28794       142.22
       5.219     0.993750        28816       160.00
       5.327     0.994531        28839       182.86
       5.439     0.995313        28864       213.33
       5.591     0.996094        28883       256.00
       5.843     0.996484        28895       284.44
       5.975     0.996875        28906       320.00
       6.263     0.997266        28917       365.71
       6.891     0.997656        28929       426.67
       7.371     0.998047        28940       512.00
       7.911     0.998242        28947       568.89
       8.567     0.998437        28951       640.00
       9.263     0.998633        28957       731.43
      11.791     0.998828        28963       853.33
      15.335     0.999023        28968      1024.00
      17.663     0.999121        28971      1137.78
      20.271     0.999219        28974      1280.00
      21.471     0.999316        28977      1462.86
      22.895     0.999414        28980      1706.67
      25.583     0.999512        28982      2048.00
      26.607     0.999561        28984      2275.56
      30.495     0.999609        28985      2560.00
      31.551     0.999658        28987      2925.71
      31.647     0.999707        28988      3413.33
      36.895     0.999756        28989      4096.00
      37.119     0.999780        28990      4551.11
      37.215     0.999805        28991      5120.00
      38.335     0.999829        28992      5851.43
      38.335     0.999854        28992      6826.67
      42.079     0.999878        28993      8192.00
      42.079     0.999890        28993      9102.22
      42.271     0.999902        28994     10240.00
      42.271     0.999915        28994     11702.86
      42.271     0.999927        28994     13653.33
      42.463     0.999939        28995     16384.00
      42.463     0.999945        28995     18204.44
      42.463     0.999951        28995     20480.00
      42.463     0.999957        28995     23405.71
      42.463     0.999963        28995     27306.67
      43.391     0.999969        28996     32768.00
      43.391     1.000000        28996          inf
#[Mean    =        2.438, StdDeviation   =        1.169]
#[Max     =       43.360, Total count    =        28996]
#[Buckets =           27, SubBuckets     =         2048]
----------------------------------------------------------
  30002 requests in 5.00m, 44.89MB read
Requests/sec:    100.01
Transfer/sec:    153.23KB

 >> |2017/09/08 17:17:15|HtmlVaporClientWrk2V1bc|Vapor HTML benchmarking
wrk2 -t2 -d5m -c5 --latency -R100 --timeout 100s http://169.254.32.152:8080/htmlVapor