Running 5m test @ http://169.254.32.152:8282/htmlKitura
  2 threads and 5 connections
  Thread calibration: mean lat.: 4.544ms, rate sampling interval: 10ms
  Thread calibration: mean lat.: 4.525ms, rate sampling interval: 10ms
  Thread Stats   Avg      Stdev     Max   +/- Stdev
    Latency     1.83ms    4.75ms  97.22ms   98.11%
    Req/Sec     2.78k   331.16     6.67k    86.35%
  Latency Distribution (HdrHistogram - Recorded Latency)
 50.000%    1.29ms
 75.000%    1.75ms
 90.000%    2.14ms
 99.000%   20.25ms
 99.900%   71.81ms
 99.990%   90.82ms
 99.999%   95.93ms
100.000%   97.28ms

  Detailed Percentile spectrum:
       Value   Percentile   TotalCount 1/(1-Percentile)

       0.191     0.000000            1         1.00
       0.532     0.100000       152942         1.11
       0.727     0.200000       306283         1.25
       0.920     0.300000       458851         1.43
       1.106     0.400000       611850         1.67
       1.286     0.500000       764825         2.00
       1.375     0.550000       841284         2.22
       1.464     0.600000       917264         2.50
       1.555     0.650000       993499         2.86
       1.650     0.700000      1070576         3.33
       1.749     0.750000      1146479         4.00
       1.801     0.775000      1184601         4.44
       1.857     0.800000      1222928         5.00
       1.918     0.825000      1261178         5.71
       1.985     0.850000      1299230         6.67
       2.061     0.875000      1337791         8.00
       2.101     0.887500      1356656         8.89
       2.145     0.900000      1376082        10.00
       2.193     0.912500      1395035        11.43
       2.253     0.925000      1414089        13.33
       2.337     0.937500      1433050        16.00
       2.391     0.943750      1442588        17.78
       2.455     0.950000      1451993        20.00
       2.537     0.956250      1461644        22.86
       2.649     0.962500      1471086        26.67
       2.865     0.968750      1480642        32.00
       3.105     0.971875      1485420        35.56
       3.651     0.975000      1490187        40.00
       4.851     0.978125      1494960        45.71
       6.683     0.981250      1499739        53.33
       9.775     0.984375      1504515        64.00
      12.407     0.985938      1506900        71.11
      15.287     0.987500      1509292        80.00
      18.335     0.989062      1511680        91.43
      21.727     0.990625      1514070       106.67
      26.239     0.992188      1516458       128.00
      29.039     0.992969      1517647       142.22
      32.495     0.993750      1518842       160.00
      36.671     0.994531      1520052       182.86
      40.703     0.995313      1521232       213.33
      46.143     0.996094      1522424       256.00
      48.735     0.996484      1523020       284.44
      51.231     0.996875      1523617       320.00
      54.047     0.997266      1524220       365.71
      57.023     0.997656      1524812       426.67
      60.735     0.998047      1525407       512.00
      62.975     0.998242      1525709       568.89
      65.279     0.998437      1526008       640.00
      67.455     0.998633      1526307       731.43
      69.759     0.998828      1526610       853.33
      72.063     0.999023      1526905      1024.00
      73.471     0.999121      1527053      1137.78
      75.071     0.999219      1527200      1280.00
      76.479     0.999316      1527350      1462.86
      77.567     0.999414      1527500      1706.67
      79.295     0.999512      1527646      2048.00
      80.575     0.999561      1527723      2275.56
      82.175     0.999609      1527796      2560.00
      83.775     0.999658      1527873      2925.71
      84.799     0.999707      1527946      3413.33
      85.887     0.999756      1528020      4096.00
      86.527     0.999780      1528058      4551.11
      87.231     0.999805      1528095      5120.00
      88.127     0.999829      1528134      5851.43
      88.959     0.999854      1528171      6826.67
      89.727     0.999878      1528206      8192.00
      90.495     0.999890      1528226      9102.22
      90.943     0.999902      1528246     10240.00
      91.647     0.999915      1528264     11702.86
      92.223     0.999927      1528281     13653.33
      93.119     0.999939      1528299     16384.00
      93.503     0.999945      1528311     18204.44
      93.759     0.999951      1528320     20480.00
      94.207     0.999957      1528329     23405.71
      94.463     0.999963      1528338     27306.67
      94.783     0.999969      1528347     32768.00
      94.911     0.999973      1528351     36408.89
      95.103     0.999976      1528356     40960.00
      95.167     0.999979      1528360     46811.43
      95.423     0.999982      1528367     54613.33
      95.487     0.999985      1528370     65536.00
      95.615     0.999986      1528372     72817.78
      95.679     0.999988      1528374     81920.00
      95.935     0.999989      1528377     93622.86
      96.127     0.999991      1528379    109226.67
      96.447     0.999992      1528381    131072.00
      96.831     0.999993      1528382    145635.56
      96.895     0.999994      1528383    163840.00
      96.959     0.999995      1528384    187245.71
      97.087     0.999995      1528388    218453.33
      97.087     0.999996      1528388    262144.00
      97.087     0.999997      1528388    291271.11
      97.087     0.999997      1528388    327680.00
      97.087     0.999997      1528388    374491.43
      97.151     0.999998      1528391    436906.67
      97.151     0.999998      1528391    524288.00
      97.151     0.999998      1528391    582542.22
      97.151     0.999998      1528391    655360.00
      97.151     0.999999      1528391    748982.86
      97.151     0.999999      1528391    873813.33
      97.151     0.999999      1528391   1048576.00
      97.151     0.999999      1528391   1165084.44
      97.151     0.999999      1528391   1310720.00
      97.151     0.999999      1528391   1497965.71
      97.279     0.999999      1528392   1747626.67
      97.279     1.000000      1528392          inf
#[Mean    =        1.832, StdDeviation   =        4.752]
#[Max     =       97.216, Total count    =      1528392]
#[Buckets =           27, SubBuckets     =         2048]
----------------------------------------------------------
  1580974 requests in 5.00m, 2.30GB read
Requests/sec:   5269.92
Transfer/sec:      7.86MB

 >> |2017/09/08 16:24:17|HtmlKituraClientWrk2V1|Kitura HTML benchmarking
wrk2 -t2 -d5m -c5 --latency -R5271 --timeout 100s http://169.254.32.152:8282/htmlKitura