Running 5m test @ http://169.254.32.152:8282/htmlKitura
  2 threads and 5 connections
  Thread calibration: mean lat.: 3.476ms, rate sampling interval: 13ms
  Thread calibration: mean lat.: 3.470ms, rate sampling interval: 13ms
  Thread Stats   Avg      Stdev     Max   +/- Stdev
    Latency     2.55ms    1.33ms  50.75ms   91.18%
    Req/Sec    53.54     62.51   166.00     75.18%
  Latency Distribution (HdrHistogram - Recorded Latency)
 50.000%    2.37ms
 75.000%    2.91ms
 90.000%    3.58ms
 99.000%    5.21ms
 99.900%   22.11ms
 99.990%   30.72ms
 99.999%   50.78ms
100.000%   50.78ms

  Detailed Percentile spectrum:
       Value   Percentile   TotalCount 1/(1-Percentile)

       0.471     0.000000            1         1.00
       1.608     0.100000         2904         1.11
       1.843     0.200000         5813         1.25
       2.034     0.300000         8702         1.43
       2.203     0.400000        11606         1.67
       2.367     0.500000        14507         2.00
       2.455     0.550000        15952         2.22
       2.545     0.600000        17406         2.50
       2.653     0.650000        18870         2.86
       2.771     0.700000        20299         3.33
       2.909     0.750000        21752         4.00
       2.987     0.775000        22483         4.44
       3.075     0.800000        23206         5.00
       3.169     0.825000        23931         5.71
       3.283     0.850000        24652         6.67
       3.421     0.875000        25379         8.00
       3.493     0.887500        25735         8.89
       3.583     0.900000        26097        10.00
       3.695     0.912500        26459        11.43
       3.829     0.925000        26824        13.33
       3.977     0.937500        27185        16.00
       4.059     0.943750        27370        17.78
       4.147     0.950000        27552        20.00
       4.239     0.956250        27733        22.86
       4.351     0.962500        27910        26.67
       4.459     0.968750        28090        32.00
       4.539     0.971875        28188        35.56
       4.603     0.975000        28275        40.00
       4.683     0.978125        28366        45.71
       4.767     0.981250        28454        53.33
       4.879     0.984375        28544        64.00
       4.943     0.985938        28594        71.11
       5.023     0.987500        28635        80.00
       5.131     0.989062        28681        91.43
       5.279     0.990625        28725       106.67
       5.471     0.992188        28771       128.00
       5.551     0.992969        28793       142.22
       5.667     0.993750        28815       160.00
       5.835     0.994531        28838       182.86
       6.423     0.995313        28861       213.33
       7.275     0.996094        28883       256.00
       8.071     0.996484        28895       284.44
       9.839     0.996875        28907       320.00
      11.647     0.997266        28917       365.71
      14.759     0.997656        28929       426.67
      17.791     0.998047        28940       512.00
      19.375     0.998242        28946       568.89
      19.919     0.998437        28951       640.00
      20.815     0.998633        28957       731.43
      21.695     0.998828        28963       853.33
      22.719     0.999023        28968      1024.00
      23.135     0.999121        28971      1137.78
      24.447     0.999219        28974      1280.00
      25.455     0.999316        28977      1462.86
      25.967     0.999414        28980      1706.67
      26.303     0.999512        28982      2048.00
      26.815     0.999561        28984      2275.56
      27.679     0.999609        28985      2560.00
      28.095     0.999658        28987      2925.71
      28.223     0.999707        28988      3413.33
      28.895     0.999756        28989      4096.00
      28.975     0.999780        28990      4551.11
      29.759     0.999805        28991      5120.00
      30.287     0.999829        28992      5851.43
      30.287     0.999854        28992      6826.67
      30.719     0.999878        28993      8192.00
      30.719     0.999890        28993      9102.22
      33.855     0.999902        28994     10240.00
      33.855     0.999915        28994     11702.86
      33.855     0.999927        28994     13653.33
      34.047     0.999939        28995     16384.00
      34.047     0.999945        28995     18204.44
      34.047     0.999951        28995     20480.00
      34.047     0.999957        28995     23405.71
      34.047     0.999963        28995     27306.67
      50.783     0.999969        28996     32768.00
      50.783     1.000000        28996          inf
#[Mean    =        2.554, StdDeviation   =        1.334]
#[Max     =       50.752, Total count    =        28996]
#[Buckets =           27, SubBuckets     =         2048]
----------------------------------------------------------
  30002 requests in 5.00m, 44.76MB read
Requests/sec:    100.00
Transfer/sec:    152.79KB

 >> |2017/09/08 16:34:52|HtmlKituraClientWrk2V1bc|Kitura HTML benchmarking
wrk2 -t2 -d5m -c5 --latency -R100 --timeout 100s http://169.254.32.152:8282/htmlKitura