Running 5m test @ http://169.254.185.136:8181/htmlPerfect
  2 threads and 5 connections
  Thread calibration: mean lat.: 6.716ms, rate sampling interval: 23ms
  Thread calibration: mean lat.: 6.842ms, rate sampling interval: 23ms
  Thread Stats   Avg      Stdev     Max   +/- Stdev
    Latency     4.74ms    2.27ms  14.90ms   74.59%
    Req/Sec    50.57     34.37    90.00     62.38%
  Latency Distribution (HdrHistogram - Recorded Latency)
 50.000%    4.04ms
 75.000%    5.80ms
 90.000%    8.17ms
 99.000%   11.41ms
 99.900%   13.68ms
 99.990%   14.49ms
 99.999%   14.91ms
100.000%   14.91ms

  Detailed Percentile spectrum:
       Value   Percentile   TotalCount 1/(1-Percentile)

       1.020     0.000000            1         1.00
       2.517     0.100000         2906         1.11
       2.941     0.200000         5804         1.25
       3.285     0.300000         8718         1.43
       3.619     0.400000        11611         1.67
       4.043     0.500000        14514         2.00
       4.311     0.550000        15966         2.22
       4.599     0.600000        17421         2.50
       4.919     0.650000        18858         2.86
       5.307     0.700000        20307         3.33
       5.803     0.750000        21761         4.00
       6.079     0.775000        22477         4.44
       6.387     0.800000        23208         5.00
       6.739     0.825000        23928         5.71
       7.247     0.850000        24655         6.67
       7.695     0.875000        25384         8.00
       7.931     0.887500        25743         8.89
       8.171     0.900000        26104        10.00
       8.447     0.912500        26463        11.43
       8.815     0.925000        26833        13.33
       9.263     0.937500        27191        16.00
       9.503     0.943750        27369        17.78
       9.687     0.950000        27554        20.00
       9.887     0.956250        27740        22.86
      10.055     0.962500        27918        26.67
      10.247     0.968750        28095        32.00
      10.359     0.971875        28192        35.56
      10.479     0.975000        28275        40.00
      10.615     0.978125        28368        45.71
      10.783     0.981250        28461        53.33
      10.975     0.984375        28548        64.00
      11.079     0.985938        28593        71.11
      11.183     0.987500        28639        80.00
      11.303     0.989062        28684        91.43
      11.479     0.990625        28729       106.67
      11.671     0.992188        28775       128.00
      11.759     0.992969        28798       142.22
      11.871     0.993750        28821       160.00
      12.023     0.994531        28842       182.86
      12.167     0.995313        28865       213.33
      12.351     0.996094        28887       256.00
      12.463     0.996484        28899       284.44
      12.623     0.996875        28910       320.00
      12.791     0.997266        28921       365.71
      12.991     0.997656        28933       426.67
      13.143     0.998047        28944       512.00
      13.207     0.998242        28950       568.89
      13.295     0.998437        28955       640.00
      13.391     0.998633        28962       731.43
      13.535     0.998828        28967       853.33
      13.735     0.999023        28972      1024.00
      13.831     0.999121        28975      1137.78
      13.895     0.999219        28978      1280.00
      13.935     0.999316        28981      1462.86
      14.039     0.999414        28984      1706.67
      14.063     0.999512        28986      2048.00
      14.103     0.999561        28988      2275.56
      14.119     0.999609        28989      2560.00
      14.207     0.999658        28991      2925.71
      14.239     0.999707        28992      3413.33
      14.287     0.999756        28993      4096.00
      14.295     0.999780        28994      4551.11
      14.327     0.999805        28995      5120.00
      14.399     0.999829        28996      5851.43
      14.399     0.999854        28996      6826.67
      14.487     0.999878        28997      8192.00
      14.487     0.999890        28997      9102.22
      14.519     0.999902        28998     10240.00
      14.519     0.999915        28998     11702.86
      14.519     0.999927        28998     13653.33
      14.775     0.999939        28999     16384.00
      14.775     0.999945        28999     18204.44
      14.775     0.999951        28999     20480.00
      14.775     0.999957        28999     23405.71
      14.775     0.999963        28999     27306.67
      14.911     0.999969        29000     32768.00
      14.911     1.000000        29000          inf
#[Mean    =        4.737, StdDeviation   =        2.267]
#[Max     =       14.904, Total count    =        29000]
#[Buckets =           27, SubBuckets     =         2048]
----------------------------------------------------------
  30003 requests in 5.00m, 42.52MB read
Requests/sec:    100.01
Transfer/sec:    145.13KB

 >> |2017/09/07 00:10:25|HtmlPerfectClientWrkV1bc|Perfect HTML benchmarking
wrk2 -t2 -d5m -c5 --latency -R100 --timeout 100s http://169.254.185.136:8181/htmlPerfect