Running 5m test @ http://169.254.185.136:8181/htmlPerfect
  2 threads and 5 connections
  Thread calibration: mean lat.: 2.408ms, rate sampling interval: 10ms
  Thread calibration: mean lat.: 2.374ms, rate sampling interval: 10ms
  Thread Stats   Avg      Stdev     Max   +/- Stdev
    Latency     2.39ms  694.50us   7.95ms   62.52%
    Req/Sec   791.44    106.02     1.20k    72.05%
  Latency Distribution (HdrHistogram - Recorded Latency)
 50.000%    2.33ms
 75.000%    2.96ms
 90.000%    3.34ms
 99.000%    3.74ms
 99.900%    4.43ms
 99.990%    5.15ms
 99.999%    6.83ms
100.000%    7.95ms

  Detailed Percentile spectrum:
       Value   Percentile   TotalCount 1/(1-Percentile)

       0.789     0.000000            1         1.00
       1.503     0.100000        43641         1.11
       1.736     0.200000        87375         1.25
       1.923     0.300000       130854         1.43
       2.115     0.400000       174677         1.67
       2.333     0.500000       218153         2.00
       2.461     0.550000       239918         2.22
       2.603     0.600000       261916         2.50
       2.735     0.650000       283691         2.86
       2.851     0.700000       305567         3.33
       2.959     0.750000       327232         4.00
       3.017     0.775000       338352         4.44
       3.077     0.800000       349139         5.00
       3.137     0.825000       359837         5.71
       3.201     0.850000       370857         6.67
       3.267     0.875000       381912         8.00
       3.301     0.887500       387350         8.89
       3.335     0.900000       392645        10.00
       3.371     0.912500       398120        11.43
       3.407     0.925000       403513        13.33
       3.447     0.937500       409131        16.00
       3.467     0.943750       411807        17.78
       3.489     0.950000       414449        20.00
       3.513     0.956250       417138        22.86
       3.537     0.962500       419790        26.67
       3.567     0.968750       422570        32.00
       3.583     0.971875       423893        35.56
       3.601     0.975000       425246        40.00
       3.621     0.978125       426642        45.71
       3.645     0.981250       428041        53.33
       3.673     0.984375       429383        64.00
       3.689     0.985938       430064        71.11
       3.707     0.987500       430712        80.00
       3.729     0.989062       431427        91.43
       3.753     0.990625       432083       106.67
       3.785     0.992188       432750       128.00
       3.807     0.992969       433079       142.22
       3.831     0.993750       433428       160.00
       3.865     0.994531       433768       182.86
       3.915     0.995313       434104       213.33
       3.987     0.996094       434448       256.00
       4.039     0.996484       434615       284.44
       4.099     0.996875       434787       320.00
       4.155     0.997266       434956       365.71
       4.227     0.997656       435129       426.67
       4.279     0.998047       435303       512.00
       4.303     0.998242       435384       568.89
       4.335     0.998437       435479       640.00
       4.359     0.998633       435559       731.43
       4.395     0.998828       435640       853.33
       4.435     0.999023       435724      1024.00
       4.455     0.999121       435769      1137.78
       4.483     0.999219       435809      1280.00
       4.515     0.999316       435848      1462.86
       4.563     0.999414       435891      1706.67
       4.599     0.999512       435933      2048.00
       4.627     0.999561       435958      2275.56
       4.667     0.999609       435975      2560.00
       4.707     0.999658       435996      2925.71
       4.735     0.999707       436018      3413.33
       4.783     0.999756       436040      4096.00
       4.811     0.999780       436051      4551.11
       4.855     0.999805       436061      5120.00
       4.895     0.999829       436071      5851.43
       4.971     0.999854       436082      6826.67
       5.015     0.999878       436092      8192.00
       5.099     0.999890       436098      9102.22
       5.151     0.999902       436103     10240.00
       5.223     0.999915       436108     11702.86
       5.339     0.999927       436114     13653.33
       5.447     0.999939       436119     16384.00
       5.603     0.999945       436122     18204.44
       5.739     0.999951       436124     20480.00
       5.899     0.999957       436127     23405.71
       5.983     0.999963       436130     27306.67
       6.123     0.999969       436132     32768.00
       6.131     0.999973       436134     36408.89
       6.299     0.999976       436135     40960.00
       6.331     0.999979       436136     46811.43
       6.523     0.999982       436138     54613.33
       6.711     0.999985       436139     65536.00
       6.795     0.999986       436140     72817.78
       6.795     0.999988       436140     81920.00
       6.831     0.999989       436141     93622.86
       7.163     0.999991       436142    109226.67
       7.163     0.999992       436142    131072.00
       7.291     0.999993       436143    145635.56
       7.291     0.999994       436143    163840.00
       7.291     0.999995       436143    187245.71
       7.699     0.999995       436144    218453.33
       7.699     0.999996       436144    262144.00
       7.699     0.999997       436144    291271.11
       7.699     0.999997       436144    327680.00
       7.699     0.999997       436144    374491.43
       7.951     0.999998       436145    436906.67
       7.951     1.000000       436145          inf
#[Mean    =        2.388, StdDeviation   =        0.694]
#[Max     =        7.948, Total count    =       436145]
#[Buckets =           27, SubBuckets     =         2048]
----------------------------------------------------------
  451195 requests in 5.00m, 639.42MB read
Requests/sec:   1503.98
Transfer/sec:      2.13MB

 >> |2017/09/07 00:04:55|HtmlPerfectClientWrk2V1|Perfect HTML benchmarking
wrk2 -t2 -d5m -c5 --latency -R1504 --timeout 100s http://169.254.185.136:8181/htmlPerfect