Running 5m test @ http://169.254.32.152:8282/jsonKitura
  2 threads and 5 connections
  Thread calibration: mean lat.: 9.939ms, rate sampling interval: 28ms
  Thread calibration: mean lat.: 9.898ms, rate sampling interval: 28ms
  Thread Stats   Avg      Stdev     Max   +/- Stdev
    Latency     8.27ms    2.66ms  24.67ms   70.26%
    Req/Sec    49.92     26.32   111.00     81.17%
  Latency Distribution (HdrHistogram - Recorded Latency)
 50.000%    7.70ms
 75.000%    9.34ms
 90.000%   12.61ms
 99.000%   15.38ms
 99.900%   16.85ms
 99.990%   19.53ms
 99.999%   24.69ms
100.000%   24.69ms

  Detailed Percentile spectrum:
       Value   Percentile   TotalCount 1/(1-Percentile)

       3.857     0.000000            1         1.00
       5.363     0.100000         2909         1.11
       6.019     0.200000         5812         1.25
       6.671     0.300000         8719         1.43
       7.211     0.400000        11612         1.67
       7.703     0.500000        14513         2.00
       7.955     0.550000        15958         2.22
       8.239     0.600000        17422         2.50
       8.527     0.650000        18859         2.86
       8.871     0.700000        20314         3.33
       9.343     0.750000        21753         4.00
       9.767     0.775000        22478         4.44
      10.191     0.800000        23213         5.00
      10.631     0.825000        23932         5.71
      11.223     0.850000        24651         6.67
      12.015     0.875000        25375         8.00
      12.295     0.887500        25743         8.89
      12.607     0.900000        26103        10.00
      12.983     0.912500        26461        11.43
      13.471     0.925000        26827        13.33
      13.727     0.937500        27206        16.00
      13.823     0.943750        27368        17.78
      13.943     0.950000        27572        20.00
      14.071     0.956250        27737        22.86
      14.223     0.962500        27924        26.67
      14.391     0.968750        28092        32.00
      14.527     0.971875        28184        35.56
      14.703     0.975000        28274        40.00
      14.911     0.978125        28372        45.71
      15.031     0.981250        28459        53.33
      15.151     0.984375        28549        64.00
      15.207     0.985938        28596        71.11
      15.263     0.987500        28637        80.00
      15.327     0.989062        28683        91.43
      15.415     0.990625        28732       106.67
      15.487     0.992188        28772       128.00
      15.543     0.992969        28795       142.22
      15.599     0.993750        28817       160.00
      15.671     0.994531        28841       182.86
      15.767     0.995313        28864       213.33
      15.855     0.996094        28886       256.00
      15.903     0.996484        28897       284.44
      15.959     0.996875        28910       320.00
      16.055     0.997266        28919       365.71
      16.247     0.997656        28931       426.67
      16.351     0.998047        28943       512.00
      16.479     0.998242        28948       568.89
      16.591     0.998437        28953       640.00
      16.703     0.998633        28959       731.43
      16.831     0.998828        28967       853.33
      16.863     0.999023        28970      1024.00
      16.895     0.999121        28973      1137.78
      16.927     0.999219        28976      1280.00
      16.991     0.999316        28979      1462.86
      17.103     0.999414        28983      1706.67
      17.135     0.999512        28984      2048.00
      17.151     0.999561        28987      2275.56
      17.151     0.999609        28987      2560.00
      17.215     0.999658        28990      2925.71
      17.215     0.999707        28990      3413.33
      17.327     0.999756        28991      4096.00
      17.615     0.999780        28992      4551.11
      19.071     0.999805        28994      5120.00
      19.071     0.999829        28994      5851.43
      19.071     0.999854        28994      6826.67
      19.535     0.999878        28995      8192.00
      19.535     0.999890        28995      9102.22
      19.791     0.999902        28996     10240.00
      19.791     0.999915        28996     11702.86
      19.791     0.999927        28996     13653.33
      24.511     0.999939        28997     16384.00
      24.511     0.999945        28997     18204.44
      24.511     0.999951        28997     20480.00
      24.511     0.999957        28997     23405.71
      24.511     0.999963        28997     27306.67
      24.687     0.999969        28998     32768.00
      24.687     1.000000        28998          inf
#[Mean    =        8.268, StdDeviation   =        2.659]
#[Max     =       24.672, Total count    =        28998]
#[Buckets =           27, SubBuckets     =         2048]
----------------------------------------------------------
  30002 requests in 5.00m, 273.52MB read
Requests/sec:    100.00
Transfer/sec:      0.91MB

 >> |2017/09/08 18:42:02|JsonKituraClientWrk2V1bc|Kitura JSON benchmarking / Business case
wrk2 -t2 -d5m -c5 --latency -R100 --timeout 100s http://169.254.32.152:8282/jsonKitura