Running 5m test @ http://169.254.32.152:8080/jsonVapor
  2 threads and 5 connections
  Thread calibration: mean lat.: 38.374ms, rate sampling interval: 85ms
  Thread calibration: mean lat.: 38.340ms, rate sampling interval: 84ms
  Thread Stats   Avg      Stdev     Max   +/- Stdev
    Latency    37.46ms    3.80ms  61.92ms   66.87%
    Req/Sec    28.64      9.69    48.00     78.60%
  Latency Distribution (HdrHistogram - Recorded Latency)
 50.000%   36.74ms
 75.000%   40.29ms
 90.000%   42.56ms
 99.000%   48.74ms
 99.900%   54.43ms
 99.990%   57.47ms
 99.999%   61.95ms
100.000%   61.95ms

  Detailed Percentile spectrum:
       Value   Percentile   TotalCount 1/(1-Percentile)

      23.183     0.000000            1         1.00
      33.151     0.100000         1729         1.11
      34.079     0.200000         3371         1.25
      35.071     0.300000         5093         1.43
      35.935     0.400000         6743         1.67
      36.735     0.500000         8431         2.00
      37.247     0.550000         9301         2.22
      37.759     0.600000        10118         2.50
      38.431     0.650000        10955         2.86
      39.263     0.700000        11795         3.33
      40.287     0.750000        12633         4.00
      40.703     0.775000        13065         4.44
      41.023     0.800000        13466         5.00
      41.343     0.825000        13908         5.71
      41.695     0.850000        14317         6.67
      42.111     0.875000        14737         8.00
      42.335     0.887500        14947         8.89
      42.559     0.900000        15157        10.00
      42.783     0.912500        15365        11.43
      43.007     0.925000        15572        13.33
      43.263     0.937500        15781        16.00
      43.423     0.943750        15887        17.78
      43.615     0.950000        15985        20.00
      43.903     0.956250        16087        22.86
      44.287     0.962500        16195        26.67
      44.831     0.968750        16297        32.00
      45.183     0.971875        16349        35.56
      45.631     0.975000        16402        40.00
      46.143     0.978125        16456        45.71
      46.815     0.981250        16506        53.33
      47.487     0.984375        16559        64.00
      47.839     0.985938        16584        71.11
      48.127     0.987500        16612        80.00
      48.447     0.989062        16637        91.43
      48.991     0.990625        16663       106.67
      49.439     0.992188        16690       128.00
      49.599     0.992969        16703       142.22
      49.791     0.993750        16719       160.00
      50.079     0.994531        16729       182.86
      50.559     0.995313        16743       213.33
      50.943     0.996094        16755       256.00
      51.231     0.996484        16761       284.44
      51.519     0.996875        16769       320.00
      51.839     0.997266        16775       365.71
      52.223     0.997656        16781       426.67
      52.895     0.998047        16788       512.00
      53.311     0.998242        16791       568.89
      53.759     0.998437        16795       640.00
      53.855     0.998633        16798       731.43
      54.175     0.998828        16801       853.33
      54.463     0.999023        16804      1024.00
      55.039     0.999121        16806      1137.78
      55.103     0.999219        16807      1280.00
      55.359     0.999316        16809      1462.86
      55.839     0.999414        16811      1706.67
      56.799     0.999512        16812      2048.00
      56.831     0.999561        16814      2275.56
      56.831     0.999609        16814      2560.00
      56.991     0.999658        16816      2925.71
      56.991     0.999707        16816      3413.33
      56.991     0.999756        16816      4096.00
      57.151     0.999780        16817      4551.11
      57.151     0.999805        16817      5120.00
      57.471     0.999829        16818      5851.43
      57.471     0.999854        16818      6826.67
      57.471     0.999878        16818      8192.00
      58.079     0.999890        16819      9102.22
      58.079     0.999902        16819     10240.00
      58.079     0.999915        16819     11702.86
      58.079     0.999927        16819     13653.33
      58.079     0.999939        16819     16384.00
      61.951     0.999945        16820     18204.44
      61.951     1.000000        16820          inf
#[Mean    =       37.463, StdDeviation   =        3.799]
#[Max     =       61.920, Total count    =        16820]
#[Buckets =           27, SubBuckets     =         2048]
----------------------------------------------------------
  17403 requests in 5.00m, 116.48MB read
Requests/sec:     58.00
Transfer/sec:    397.52KB

 >> |2017/09/08 19:13:46|JsonVaporClientWrk2V1|Vapor JSON benchmarking / Business case
wrk2 -t2 -d5m -c5 --latency -R59 --timeout 100s http://169.254.32.152:8080/jsonVapor