Running 30s test @ http://169.254.162.211:8282/jsonShortKitura
  2 threads and 5 connections
  Thread calibration: mean lat.: 1.359ms, rate sampling interval: 10ms
  Thread calibration: mean lat.: 1.357ms, rate sampling interval: 10ms
  Thread Stats   Avg      Stdev     Max   +/- Stdev
    Latency     1.43ms    1.06ms  27.09ms   95.38%
    Req/Sec     2.49k   254.11     4.80k    71.00%
  Latency Distribution (HdrHistogram - Recorded Latency)
 50.000%    1.35ms
 75.000%    1.81ms
 90.000%    2.17ms
 99.000%    3.50ms
 99.900%   19.65ms
 99.990%   26.50ms
 99.999%   26.99ms
100.000%   27.10ms

  Detailed Percentile spectrum:
       Value   Percentile   TotalCount 1/(1-Percentile)

       0.236     0.000000            1         1.00
       0.609     0.100000         9453         1.11
       0.798     0.200000        18915         1.25
       0.981     0.300000        28310         1.43
       1.165     0.400000        37729         1.67
       1.346     0.500000        47142         2.00
       1.432     0.550000        51861         2.22
       1.518     0.600000        56564         2.50
       1.609     0.650000        61306         2.86
       1.706     0.700000        66019         3.33
       1.813     0.750000        70729         4.00
       1.864     0.775000        73093         4.44
       1.917     0.800000        75436         5.00
       1.974     0.825000        77806         5.71
       2.031     0.850000        80122         6.67
       2.095     0.875000        82492         8.00
       2.129     0.887500        83694         8.89
       2.167     0.900000        84885        10.00
       2.207     0.912500        86042        11.43
       2.253     0.925000        87205        13.33
       2.315     0.937500        88373        16.00
       2.355     0.943750        88996        17.78
       2.397     0.950000        89570        20.00
       2.455     0.956250        90146        22.86
       2.525     0.962500        90744        26.67
       2.607     0.968750        91329        32.00
       2.655     0.971875        91612        35.56
       2.711     0.975000        91917        40.00
       2.779     0.978125        92201        45.71
       2.861     0.981250        92500        53.33
       2.983     0.984375        92792        64.00
       3.077     0.985938        92937        71.11
       3.201     0.987500        93083        80.00
       3.387     0.989062        93231        91.43
       3.605     0.990625        93378       106.67
       3.901     0.992188        93525       128.00
       4.107     0.992969        93599       142.22
       4.327     0.993750        93672       160.00
       4.607     0.994531        93746       182.86
       4.931     0.995313        93820       213.33
       5.383     0.996094        93893       256.00
       5.627     0.996484        93931       284.44
       5.999     0.996875        93967       320.00
       6.443     0.997266        94005       365.71
       7.367     0.997656        94041       426.67
      10.799     0.998047        94077       512.00
      12.703     0.998242        94096       568.89
      14.511     0.998437        94114       640.00
      16.511     0.998633        94134       731.43
      18.191     0.998828        94151       853.33
      19.743     0.999023        94170      1024.00
      20.175     0.999121        94179      1137.78
      20.975     0.999219        94188      1280.00
      21.775     0.999316        94197      1462.86
      22.463     0.999414        94206      1706.67
      23.471     0.999512        94215      2048.00
      23.983     0.999561        94220      2275.56
      24.383     0.999609        94225      2560.00
      24.719     0.999658        94229      2925.71
      25.215     0.999707        94234      3413.33
      25.471     0.999756        94238      4096.00
      25.679     0.999780        94241      4551.11
      25.807     0.999805        94243      5120.00
      26.031     0.999829        94245      5851.43
      26.175     0.999854        94248      6826.67
      26.335     0.999878        94250      8192.00
      26.447     0.999890        94251      9102.22
      26.495     0.999902        94252     10240.00
      26.543     0.999915        94253     11702.86
      26.671     0.999927        94256     13653.33
      26.671     0.999939        94256     16384.00
      26.671     0.999945        94256     18204.44
      26.703     0.999951        94257     20480.00
      26.703     0.999957        94257     23405.71
      26.863     0.999963        94258     27306.67
      26.879     0.999969        94259     32768.00
      26.879     0.999973        94259     36408.89
      26.879     0.999976        94259     40960.00
      26.879     0.999979        94259     46811.43
      26.991     0.999982        94260     54613.33
      26.991     0.999985        94260     65536.00
      26.991     0.999986        94260     72817.78
      26.991     0.999988        94260     81920.00
      26.991     0.999989        94260     93622.86
      27.103     0.999991        94261    109226.67
      27.103     1.000000        94261          inf
#[Mean    =        1.428, StdDeviation   =        1.061]
#[Max     =       27.088, Total count    =        94261]
#[Buckets =           27, SubBuckets     =         2048]
----------------------------------------------------------
  141457 requests in 30.01s, 29.62MB read
Requests/sec:   4714.33
Transfer/sec:      0.99MB

 >> |2017/09/06 20:19:23|JsonKituraClientWrk2V2|Kitura JSON benchmarking
wrk2 -t2 -d30s -c5 --latency -R4717 --timeout 100s http://169.254.162.211:8282/jsonShortKitura