Running 5m test @ http://169.254.185.136:8282/jsonKitura
  2 threads and 5 connections
  Thread calibration: mean lat.: 6.690ms, rate sampling interval: 18ms
  Thread calibration: mean lat.: 6.670ms, rate sampling interval: 18ms
  Thread Stats   Avg      Stdev     Max   +/- Stdev
    Latency     6.64ms    1.72ms  21.87ms   72.57%
    Req/Sec   142.44     35.32   235.00     78.12%
  Latency Distribution (HdrHistogram - Recorded Latency)
 50.000%    6.19ms
 75.000%    7.46ms
 90.000%    9.18ms
 99.000%   11.85ms
 99.900%   13.07ms
 99.990%   14.31ms
 99.999%   16.23ms
100.000%   21.89ms

  Detailed Percentile spectrum:
       Value   Percentile   TotalCount 1/(1-Percentile)

       3.687     0.000000            1         1.00
       4.835     0.100000         8107         1.11
       5.275     0.200000        16202         1.25
       5.599     0.300000        24253         1.43
       5.887     0.400000        32269         1.67
       6.191     0.500000        40389         2.00
       6.395     0.550000        44386         2.22
       6.619     0.600000        48416         2.50
       6.863     0.650000        52424         2.86
       7.131     0.700000        56439         3.33
       7.463     0.750000        60504         4.00
       7.663     0.775000        62489         4.44
       7.891     0.800000        64512         5.00
       8.155     0.825000        66525         5.71
       8.447     0.850000        68549         6.67
       8.751     0.875000        70584         8.00
       8.943     0.887500        71586         8.89
       9.183     0.900000        72575        10.00
       9.455     0.912500        73574        11.43
       9.711     0.925000        74598        13.33
       9.943     0.937500        75585        16.00
      10.063     0.943750        76091        17.78
      10.191     0.950000        76595        20.00
      10.335     0.956250        77100        22.86
      10.503     0.962500        77605        26.67
      10.687     0.968750        78112        32.00
      10.799     0.971875        78355        35.56
      10.943     0.975000        78610        40.00
      11.111     0.978125        78859        45.71
      11.327     0.981250        79111        53.33
      11.535     0.984375        79365        64.00
      11.631     0.985938        79493        71.11
      11.719     0.987500        79618        80.00
      11.815     0.989062        79747        91.43
      11.903     0.990625        79864       106.67
      12.015     0.992188        80000       128.00
      12.063     0.992969        80052       142.22
      12.135     0.993750        80118       160.00
      12.199     0.994531        80179       182.86
      12.279     0.995313        80242       213.33
      12.367     0.996094        80309       256.00
      12.407     0.996484        80339       284.44
      12.471     0.996875        80373       320.00
      12.519     0.997266        80397       365.71
      12.599     0.997656        80429       426.67
      12.663     0.998047        80460       512.00
      12.711     0.998242        80477       568.89
      12.783     0.998437        80492       640.00
      12.879     0.998633        80508       731.43
      12.967     0.998828        80523       853.33
      13.095     0.999023        80539      1024.00
      13.135     0.999121        80547      1137.78
      13.207     0.999219        80556      1280.00
      13.263     0.999316        80563      1462.86
      13.407     0.999414        80570      1706.67
      13.599     0.999512        80578      2048.00
      13.751     0.999561        80582      2275.56
      13.823     0.999609        80586      2560.00
      13.903     0.999658        80590      2925.71
      13.959     0.999707        80594      3413.33
      13.999     0.999756        80598      4096.00
      14.079     0.999780        80600      4551.11
      14.111     0.999805        80602      5120.00
      14.167     0.999829        80604      5851.43
      14.247     0.999854        80606      6826.67
      14.263     0.999878        80608      8192.00
      14.311     0.999890        80609      9102.22
      14.367     0.999902        80610     10240.00
      14.423     0.999915        80611     11702.86
      14.503     0.999927        80612     13653.33
      14.511     0.999939        80613     16384.00
      14.511     0.999945        80613     18204.44
      14.591     0.999951        80614     20480.00
      14.591     0.999957        80614     23405.71
      15.199     0.999963        80615     27306.67
      15.199     0.999969        80615     32768.00
      15.199     0.999973        80615     36408.89
      16.231     0.999976        80616     40960.00
      16.231     0.999979        80616     46811.43
      16.231     0.999982        80616     54613.33
      16.231     0.999985        80616     65536.00
      16.231     0.999986        80616     72817.78
      21.887     0.999988        80617     81920.00
      21.887     1.000000        80617          inf
#[Mean    =        6.639, StdDeviation   =        1.717]
#[Max     =       21.872, Total count    =        80617]
#[Buckets =           27, SubBuckets     =         2048]
----------------------------------------------------------
  83402 requests in 5.00m, 760.35MB read
Requests/sec:    278.00
Transfer/sec:      2.53MB

 >> |2017/09/06 23:17:35|JsonKituraClientWrk2V1|Kitura JSON benchmarking / Business case
wrk2 -t2 -d5m -c5 --latency -R279 --timeout 100s http://169.254.185.136:8282/jsonKitura