Running 5m test @ http://169.254.32.152:8081/jsonPerfect
  2 threads and 5 connections
  Thread calibration: mean lat.: 5.593ms, rate sampling interval: 15ms
  Thread calibration: mean lat.: 5.636ms, rate sampling interval: 15ms
  Thread Stats   Avg      Stdev     Max   +/- Stdev
    Latency     5.63ms    1.47ms  32.42ms   76.91%
    Req/Sec   160.15     40.00   400.00     86.09%
  Latency Distribution (HdrHistogram - Recorded Latency)
 50.000%    5.26ms
 75.000%    6.17ms
 90.000%    7.59ms
 99.000%   10.34ms
 99.900%   14.06ms
 99.990%   25.20ms
 99.999%   29.74ms
100.000%   32.43ms

  Detailed Percentile spectrum:
       Value   Percentile   TotalCount 1/(1-Percentile)

       3.159     0.000000            1         1.00
       4.211     0.100000         9000         1.11
       4.567     0.200000        18008         1.25
       4.823     0.300000        27003         1.43
       5.035     0.400000        36043         1.67
       5.259     0.500000        45037         2.00
       5.383     0.550000        49549         2.22
       5.535     0.600000        53962         2.50
       5.719     0.650000        58531         2.86
       5.915     0.700000        62987         3.33
       6.167     0.750000        67440         4.00
       6.343     0.775000        69711         4.44
       6.551     0.800000        71936         5.00
       6.783     0.825000        74217         5.71
       7.011     0.850000        76421         6.67
       7.291     0.875000        78683         8.00
       7.435     0.887500        79803         8.89
       7.587     0.900000        80936        10.00
       7.763     0.912500        82049        11.43
       7.959     0.925000        83170        13.33
       8.191     0.937500        84287        16.00
       8.327     0.943750        84850        17.78
       8.487     0.950000        85406        20.00
       8.679     0.956250        85989        22.86
       8.863     0.962500        86530        26.67
       9.079     0.968750        87101        32.00
       9.191     0.971875        87378        35.56
       9.303     0.975000        87667        40.00
       9.415     0.978125        87946        45.71
       9.535     0.981250        88219        53.33
       9.711     0.984375        88494        64.00
       9.847     0.985938        88636        71.11
      10.023     0.987500        88777        80.00
      10.215     0.989062        88916        91.43
      10.439     0.990625        89058       106.67
      10.647     0.992188        89203       128.00
      10.743     0.992969        89269       142.22
      10.839     0.993750        89339       160.00
      10.951     0.994531        89411       182.86
      11.071     0.995313        89478       213.33
      11.247     0.996094        89547       256.00
      11.359     0.996484        89583       284.44
      11.511     0.996875        89619       320.00
      11.839     0.997266        89653       365.71
      12.151     0.997656        89689       426.67
      12.383     0.998047        89723       512.00
      12.511     0.998242        89740       568.89
      12.783     0.998437        89758       640.00
      13.239     0.998633        89777       731.43
      13.607     0.998828        89793       853.33
      14.223     0.999023        89811      1024.00
      15.655     0.999121        89819      1137.78
      15.935     0.999219        89828      1280.00
      17.343     0.999316        89837      1462.86
      18.047     0.999414        89846      1706.67
      19.327     0.999512        89855      2048.00
      19.551     0.999561        89859      2275.56
      19.855     0.999609        89863      2560.00
      20.079     0.999658        89868      2925.71
      21.887     0.999707        89872      3413.33
      22.303     0.999756        89877      4096.00
      22.767     0.999780        89879      4551.11
      23.343     0.999805        89881      5120.00
      23.487     0.999829        89883      5851.43
      24.783     0.999854        89885      6826.67
      24.895     0.999878        89888      8192.00
      25.199     0.999890        89889      9102.22
      25.279     0.999902        89890     10240.00
      25.295     0.999915        89891     11702.86
      26.271     0.999927        89892     13653.33
      27.247     0.999939        89893     16384.00
      28.383     0.999945        89894     18204.44
      28.383     0.999951        89894     20480.00
      28.703     0.999957        89895     23405.71
      28.703     0.999963        89895     27306.67
      29.503     0.999969        89896     32768.00
      29.503     0.999973        89896     36408.89
      29.503     0.999976        89896     40960.00
      29.743     0.999979        89897     46811.43
      29.743     0.999982        89897     54613.33
      29.743     0.999985        89897     65536.00
      29.743     0.999986        89897     72817.78
      29.743     0.999988        89897     81920.00
      32.431     0.999989        89898     93622.86
      32.431     1.000000        89898          inf
#[Mean    =        5.629, StdDeviation   =        1.467]
#[Max     =       32.416, Total count    =        89898]
#[Buckets =           27, SubBuckets     =         2048]
----------------------------------------------------------
  93002 requests in 5.00m, 621.30MB read
Requests/sec:    310.00
Transfer/sec:      2.07MB

 >> |2017/09/08 18:52:36|JsonPerfectClientWrk2V1|Perfect JSON benchmarking / Business case
wrk2 -t2 -d5m -c5 --latency -R311 --timeout 100s http://169.254.32.152:8081/jsonPerfect