Running 30s test @ http://169.254.162.211:8081/jsonShortPerfect
  2 threads and 5 connections
  Thread calibration: mean lat.: 1.700ms, rate sampling interval: 10ms
  Thread calibration: mean lat.: 1.697ms, rate sampling interval: 10ms
  Thread Stats   Avg      Stdev     Max   +/- Stdev
    Latency     2.23ms    2.65ms  40.83ms   90.49%
    Req/Sec     2.48k   540.07     5.44k    82.49%
  Latency Distribution (HdrHistogram - Recorded Latency)
 50.000%    1.54ms
 75.000%    2.18ms
 90.000%    4.70ms
 99.000%   11.49ms
 99.900%   34.69ms
 99.990%   40.10ms
 99.999%   40.77ms
100.000%   40.86ms

  Detailed Percentile spectrum:
       Value   Percentile   TotalCount 1/(1-Percentile)

       0.236     0.000000            1         1.00
       0.661     0.100000         9374         1.11
       0.883     0.200000        18687         1.25
       1.104     0.300000        28034         1.43
       1.325     0.400000        37376         1.67
       1.538     0.500000        46741         2.00
       1.651     0.550000        51396         2.22
       1.767     0.600000        56083         2.50
       1.890     0.650000        60742         2.86
       2.022     0.700000        65414         3.33
       2.183     0.750000        70095         4.00
       2.301     0.775000        72413         4.44
       2.475     0.800000        74744         5.00
       2.721     0.825000        77067         5.71
       3.161     0.850000        79399         6.67
       3.835     0.875000        81738         8.00
       4.231     0.887500        82907         8.89
       4.699     0.900000        84072        10.00
       5.199     0.912500        85237        11.43
       5.755     0.925000        86405        13.33
       6.387     0.937500        87572        16.00
       6.735     0.943750        88156        17.78
       7.107     0.950000        88739        20.00
       7.511     0.956250        89326        22.86
       7.935     0.962500        89907        26.67
       8.431     0.968750        90490        32.00
       8.735     0.971875        90783        35.56
       9.039     0.975000        91075        40.00
       9.367     0.978125        91369        45.71
       9.727     0.981250        91660        53.33
      10.199     0.984375        91949        64.00
      10.455     0.985938        92093        71.11
      10.799     0.987500        92239        80.00
      11.183     0.989062        92386        91.43
      11.767     0.990625        92533       106.67
      12.495     0.992188        92677       128.00
      13.311     0.992969        92750       142.22
      14.151     0.993750        92824       160.00
      15.095     0.994531        92896       182.86
      16.511     0.995313        92969       213.33
      18.143     0.996094        93042       256.00
      19.007     0.996484        93078       284.44
      19.807     0.996875        93117       320.00
      20.671     0.997266        93151       365.71
      23.295     0.997656        93188       426.67
      26.479     0.998047        93224       512.00
      28.191     0.998242        93242       568.89
      29.967     0.998437        93261       640.00
      31.871     0.998633        93279       731.43
      33.087     0.998828        93297       853.33
      34.815     0.999023        93315      1024.00
      35.871     0.999121        93324      1137.78
      36.767     0.999219        93334      1280.00
      37.567     0.999316        93343      1462.86
      37.855     0.999414        93352      1706.67
      38.367     0.999512        93363      2048.00
      38.431     0.999561        93365      2275.56
      38.687     0.999609        93370      2560.00
      38.943     0.999658        93375      2925.71
      39.199     0.999707        93379      3413.33
      39.391     0.999756        93384      4096.00
      39.423     0.999780        93386      4551.11
      39.583     0.999805        93388      5120.00
      39.711     0.999829        93391      5851.43
      39.935     0.999854        93394      6826.67
      39.999     0.999878        93395      8192.00
      40.031     0.999890        93396      9102.22
      40.095     0.999902        93397     10240.00
      40.319     0.999915        93399     11702.86
      40.351     0.999927        93400     13653.33
      40.415     0.999939        93401     16384.00
      40.415     0.999945        93401     18204.44
      40.543     0.999951        93402     20480.00
      40.607     0.999957        93403     23405.71
      40.607     0.999963        93403     27306.67
      40.671     0.999969        93404     32768.00
      40.671     0.999973        93404     36408.89
      40.671     0.999976        93404     40960.00
      40.767     0.999979        93405     46811.43
      40.767     0.999982        93405     54613.33
      40.767     0.999985        93405     65536.00
      40.767     0.999986        93405     72817.78
      40.767     0.999988        93405     81920.00
      40.863     0.999989        93406     93622.86
      40.863     1.000000        93406          inf
#[Mean    =        2.232, StdDeviation   =        2.654]
#[Max     =       40.832, Total count    =        93406]
#[Buckets =           27, SubBuckets     =         2048]
----------------------------------------------------------
  140178 requests in 30.00s, 20.32MB read
Requests/sec:   4672.61
Transfer/sec:    693.59KB

 >> |2017/09/06 20:22:23|JsonPerfectClientWrk2V2|Perfect JSON benchmarking
wrk2 -t2 -d30s -c5 --latency -R4674 --timeout 100s http://169.254.162.211:8081/jsonShortPerfect