Running 5m test @ http://169.254.32.152:8081/jsonPerfect
  2 threads and 5 connections
  Thread calibration: mean lat.: 8.791ms, rate sampling interval: 26ms
  Thread calibration: mean lat.: 8.729ms, rate sampling interval: 26ms
  Thread Stats   Avg      Stdev     Max   +/- Stdev
    Latency     7.96ms    2.56ms  19.22ms   70.59%
    Req/Sec    49.96     30.14    80.00     75.88%
  Latency Distribution (HdrHistogram - Recorded Latency)
 50.000%    7.41ms
 75.000%    9.11ms
 90.000%   12.03ms
 99.000%   14.75ms
 99.900%   16.40ms
 99.990%   17.92ms
 99.999%   19.23ms
100.000%   19.23ms

  Detailed Percentile spectrum:
       Value   Percentile   TotalCount 1/(1-Percentile)

       3.157     0.000000            1         1.00
       5.195     0.100000         2927         1.11
       5.803     0.200000         5811         1.25
       6.371     0.300000         8704         1.43
       6.939     0.400000        11604         1.67
       7.407     0.500000        14537         2.00
       7.651     0.550000        15964         2.22
       7.955     0.600000        17410         2.50
       8.223     0.650000        18874         2.86
       8.559     0.700000        20313         3.33
       9.111     0.750000        21756         4.00
       9.463     0.775000        22483         4.44
       9.815     0.800000        23215         5.00
      10.167     0.825000        23932         5.71
      10.679     0.850000        24654         6.67
      11.607     0.875000        25385         8.00
      11.823     0.887500        25740         8.89
      12.031     0.900000        26101        10.00
      12.287     0.912500        26468        11.43
      12.679     0.925000        26824        13.33
      13.183     0.937500        27191        16.00
      13.391     0.943750        27372        17.78
      13.551     0.950000        27553        20.00
      13.687     0.956250        27738        22.86
      13.847     0.962500        27918        26.67
      14.015     0.968750        28095        32.00
      14.095     0.971875        28185        35.56
      14.199     0.975000        28281        40.00
      14.287     0.978125        28368        45.71
      14.391     0.981250        28467        53.33
      14.479     0.984375        28546        64.00
      14.535     0.985938        28595        71.11
      14.591     0.987500        28636        80.00
      14.687     0.989062        28682        91.43
      14.831     0.990625        28728       106.67
      15.111     0.992188        28772       128.00
      15.263     0.992969        28796       142.22
      15.471     0.993750        28817       160.00
      15.759     0.994531        28841       182.86
      15.855     0.995313        28864       213.33
      15.975     0.996094        28885       256.00
      16.039     0.996484        28899       284.44
      16.095     0.996875        28910       320.00
      16.143     0.997266        28919       365.71
      16.207     0.997656        28931       426.67
      16.255     0.998047        28943       512.00
      16.295     0.998242        28951       568.89
      16.311     0.998437        28954       640.00
      16.343     0.998633        28960       731.43
      16.367     0.998828        28965       853.33
      16.399     0.999023        28972      1024.00
      16.415     0.999121        28975      1137.78
      16.431     0.999219        28981      1280.00
      16.431     0.999316        28981      1462.86
      16.479     0.999414        28986      1706.67
      16.479     0.999512        28986      2048.00
      16.479     0.999561        28986      2275.56
      16.527     0.999609        28987      2560.00
      16.703     0.999658        28989      2925.71
      16.751     0.999707        28990      3413.33
      16.831     0.999756        28991      4096.00
      17.007     0.999780        28992      4551.11
      17.023     0.999805        28993      5120.00
      17.263     0.999829        28994      5851.43
      17.263     0.999854        28994      6826.67
      17.919     0.999878        28995      8192.00
      17.919     0.999890        28995      9102.22
      18.559     0.999902        28996     10240.00
      18.559     0.999915        28996     11702.86
      18.559     0.999927        28996     13653.33
      18.655     0.999939        28997     16384.00
      18.655     0.999945        28997     18204.44
      18.655     0.999951        28997     20480.00
      18.655     0.999957        28997     23405.71
      18.655     0.999963        28997     27306.67
      19.231     0.999969        28998     32768.00
      19.231     1.000000        28998          inf
#[Mean    =        7.960, StdDeviation   =        2.560]
#[Max     =       19.216, Total count    =        28998]
#[Buckets =           27, SubBuckets     =         2048]
----------------------------------------------------------
  30002 requests in 5.00m, 200.43MB read
Requests/sec:    100.00
Transfer/sec:    684.11KB

 >> |2017/09/08 19:03:11|JsonPerfectClientWrk2V1bc|Perfect JSON benchmarking / Business case
wrk2 -t2 -d5m -c5 --latency -R100 --timeout 100s http://169.254.32.152:8081/jsonPerfect