Running 5m test @ http://169.254.32.152:8081/jsonShortPerfect
  2 threads and 5 connections
  Thread calibration: mean lat.: 5.238ms, rate sampling interval: 20ms
  Thread calibration: mean lat.: 5.161ms, rate sampling interval: 19ms
  Thread Stats   Avg      Stdev     Max   +/- Stdev
    Latency     3.57ms    1.84ms  12.42ms   74.37%
    Req/Sec    52.64     42.66   111.00     47.58%
  Latency Distribution (HdrHistogram - Recorded Latency)
 50.000%    3.08ms
 75.000%    4.35ms
 90.000%    6.23ms
 99.000%    9.40ms
 99.900%   11.46ms
 99.990%   12.20ms
 99.999%   12.42ms
100.000%   12.42ms

  Detailed Percentile spectrum:
       Value   Percentile   TotalCount 1/(1-Percentile)

       0.448     0.000000            1         1.00
       1.713     0.100000         2905         1.11
       2.121     0.200000         5810         1.25
       2.447     0.300000         8703         1.43
       2.753     0.400000        11603         1.67
       3.077     0.500000        14506         2.00
       3.275     0.550000        15954         2.22
       3.487     0.600000        17412         2.50
       3.729     0.650000        18850         2.86
       4.009     0.700000        20303         3.33
       4.351     0.750000        21752         4.00
       4.591     0.775000        22477         4.44
       4.871     0.800000        23207         5.00
       5.151     0.825000        23926         5.71
       5.455     0.850000        24650         6.67
       5.835     0.875000        25377         8.00
       6.027     0.887500        25737         8.89
       6.227     0.900000        26104        10.00
       6.463     0.912500        26464        11.43
       6.763     0.925000        26822        13.33
       7.047     0.937500        27184        16.00
       7.235     0.943750        27365        17.78
       7.415     0.950000        27547        20.00
       7.611     0.956250        27729        22.86
       7.823     0.962500        27910        26.67
       8.047     0.968750        28091        32.00
       8.175     0.971875        28184        35.56
       8.319     0.975000        28279        40.00
       8.463     0.978125        28367        45.71
       8.655     0.981250        28453        53.33
       8.815     0.984375        28544        64.00
       8.943     0.985938        28590        71.11
       9.119     0.987500        28636        80.00
       9.287     0.989062        28680        91.43
       9.463     0.990625        28727       106.67
       9.599     0.992188        28773       128.00
       9.703     0.992969        28796       142.22
       9.775     0.993750        28815       160.00
       9.895     0.994531        28838       182.86
      10.039     0.995313        28862       213.33
      10.263     0.996094        28884       256.00
      10.383     0.996484        28895       284.44
      10.535     0.996875        28906       320.00
      10.671     0.997266        28917       365.71
      10.879     0.997656        28929       426.67
      11.071     0.998047        28940       512.00
      11.127     0.998242        28946       568.89
      11.199     0.998437        28951       640.00
      11.287     0.998633        28957       731.43
      11.399     0.998828        28963       853.33
      11.487     0.999023        28968      1024.00
      11.567     0.999121        28971      1137.78
      11.615     0.999219        28974      1280.00
      11.639     0.999316        28977      1462.86
      11.679     0.999414        28980      1706.67
      11.703     0.999512        28982      2048.00
      11.767     0.999561        28985      2275.56
      11.767     0.999609        28985      2560.00
      11.799     0.999658        28987      2925.71
      11.831     0.999707        28988      3413.33
      11.839     0.999756        28989      4096.00
      11.871     0.999780        28990      4551.11
      12.023     0.999805        28991      5120.00
      12.151     0.999829        28992      5851.43
      12.151     0.999854        28992      6826.67
      12.199     0.999878        28993      8192.00
      12.199     0.999890        28993      9102.22
      12.223     0.999902        28994     10240.00
      12.223     0.999915        28994     11702.86
      12.223     0.999927        28994     13653.33
      12.391     0.999939        28995     16384.00
      12.391     0.999945        28995     18204.44
      12.391     0.999951        28995     20480.00
      12.391     0.999957        28995     23405.71
      12.391     0.999963        28995     27306.67
      12.423     0.999969        28996     32768.00
      12.423     1.000000        28996          inf
#[Mean    =        3.566, StdDeviation   =        1.837]
#[Max     =       12.416, Total count    =        28996]
#[Buckets =           27, SubBuckets     =         2048]
----------------------------------------------------------
  30002 requests in 5.00m, 4.35MB read
Requests/sec:    100.01
Transfer/sec:     14.84KB

 >> |2017/09/07 12:02:40|JsonPerfectClientWrkV1bc|Perfect JSON benchmarking
wrk2 -t2 -d5m -c5 --latency -R100 --timeout 100s http://169.254.32.152:8081/jsonShortPerfect