Running 5m test @ http://169.254.32.152:8282/jsonShortKitura
  2 threads and 5 connections
  Thread calibration: mean lat.: 3.661ms, rate sampling interval: 14ms
  Thread calibration: mean lat.: 3.597ms, rate sampling interval: 13ms
  Thread Stats   Avg      Stdev     Max   +/- Stdev
    Latency     2.63ms    1.89ms  76.35ms   97.10%
    Req/Sec    53.21     59.90   333.00     74.88%
  Latency Distribution (HdrHistogram - Recorded Latency)
 50.000%    2.41ms
 75.000%    3.02ms
 90.000%    3.74ms
 99.000%    5.11ms
 99.900%   31.66ms
 99.990%   70.97ms
 99.999%   76.42ms
100.000%   76.42ms

  Detailed Percentile spectrum:
       Value   Percentile   TotalCount 1/(1-Percentile)

       0.577     0.000000            1         1.00
       1.605     0.100000         2900         1.11
       1.855     0.200000         5803         1.25
       2.055     0.300000         8702         1.43
       2.233     0.400000        11600         1.67
       2.413     0.500000        14498         2.00
       2.507     0.550000        15970         2.22
       2.611     0.600000        17403         2.50
       2.729     0.650000        18866         2.86
       2.861     0.700000        20318         3.33
       3.017     0.750000        21757         4.00
       3.103     0.775000        22487         4.44
       3.197     0.800000        23204         5.00
       3.297     0.825000        23926         5.71
       3.419     0.850000        24649         6.67
       3.565     0.875000        25374         8.00
       3.651     0.887500        25742         8.89
       3.737     0.900000        26097        10.00
       3.831     0.912500        26460        11.43
       3.933     0.925000        26828        13.33
       4.053     0.937500        27187        16.00
       4.115     0.943750        27375        17.78
       4.183     0.950000        27552        20.00
       4.259     0.956250        27733        22.86
       4.347     0.962500        27914        26.67
       4.455     0.968750        28096        32.00
       4.507     0.971875        28181        35.56
       4.579     0.975000        28277        40.00
       4.639     0.978125        28364        45.71
       4.735     0.981250        28455        53.33
       4.831     0.984375        28544        64.00
       4.899     0.985938        28589        71.11
       4.959     0.987500        28634        80.00
       5.051     0.989062        28679        91.43
       5.143     0.990625        28725       106.67
       5.279     0.992188        28770       128.00
       5.391     0.992969        28793       142.22
       5.471     0.993750        28816       160.00
       5.575     0.994531        28838       182.86
       5.899     0.995313        28861       213.33
       7.023     0.996094        28883       256.00
       7.623     0.996484        28895       284.44
       8.575     0.996875        28906       320.00
       9.743     0.997266        28917       365.71
      12.791     0.997656        28929       426.67
      16.847     0.998047        28940       512.00
      19.007     0.998242        28946       568.89
      23.167     0.998437        28951       640.00
      25.903     0.998633        28957       731.43
      30.927     0.998828        28963       853.33
      31.743     0.999023        28968      1024.00
      32.959     0.999121        28971      1137.78
      36.831     0.999219        28974      1280.00
      37.279     0.999316        28977      1462.86
      45.983     0.999414        28980      1706.67
      49.791     0.999512        28982      2048.00
      50.815     0.999561        28984      2275.56
      52.639     0.999609        28985      2560.00
      53.791     0.999658        28987      2925.71
      55.199     0.999707        28988      3413.33
      56.223     0.999756        28989      4096.00
      56.383     0.999780        28990      4551.11
      58.047     0.999805        28991      5120.00
      58.207     0.999829        28992      5851.43
      58.207     0.999854        28992      6826.67
      70.975     0.999878        28994      8192.00
      70.975     0.999890        28994      9102.22
      70.975     0.999902        28994     10240.00
      70.975     0.999915        28994     11702.86
      70.975     0.999927        28994     13653.33
      76.351     0.999939        28995     16384.00
      76.351     0.999945        28995     18204.44
      76.351     0.999951        28995     20480.00
      76.351     0.999957        28995     23405.71
      76.351     0.999963        28995     27306.67
      76.415     0.999969        28996     32768.00
      76.415     1.000000        28996          inf
#[Mean    =        2.627, StdDeviation   =        1.887]
#[Max     =       76.352, Total count    =        28996]
#[Buckets =           27, SubBuckets     =         2048]
----------------------------------------------------------
  30002 requests in 5.00m, 6.28MB read
Requests/sec:    100.01
Transfer/sec:     21.44KB

 >> |2017/09/08 17:38:26|Json2KituraClientWrk2V1bc|Kitura JSON benchmarking
wrk2 -t2 -d5m -c5 --latency -R100 --timeout 100s http://169.254.32.152:8282/jsonShortKitura