Running 5m test @ http://169.254.32.152:8080/jsonVapor
  2 threads and 5 connections
  Thread calibration: mean lat.: 32.084ms, rate sampling interval: 71ms
  Thread calibration: mean lat.: 32.142ms, rate sampling interval: 71ms
  Thread Stats   Avg      Stdev     Max   +/- Stdev
    Latency    32.50ms    3.21ms  74.69ms   80.13%
    Req/Sec    49.98      8.89    85.00     84.89%
  Latency Distribution (HdrHistogram - Recorded Latency)
 50.000%   31.71ms
 75.000%   33.82ms
 90.000%   36.29ms
 99.000%   44.42ms
 99.900%   52.16ms
 99.990%   60.32ms
 99.999%   74.75ms
100.000%   74.75ms

  Detailed Percentile spectrum:
       Value   Percentile   TotalCount 1/(1-Percentile)

      21.071     0.000000            1         1.00
      29.583     0.100000         2914         1.11
      30.255     0.200000         5809         1.25
      30.687     0.300000         8774         1.43
      31.103     0.400000        11657         1.67
      31.711     0.500000        14543         2.00
      32.079     0.550000        15970         2.22
      32.463     0.600000        17447         2.50
      32.863     0.650000        18915         2.86
      33.279     0.700000        20315         3.33
      33.823     0.750000        21792         4.00
      34.143     0.775000        22511         4.44
      34.463     0.800000        23243         5.00
      34.815     0.825000        23952         5.71
      35.263     0.850000        24685         6.67
      35.711     0.875000        25392         8.00
      35.999     0.887500        25765         8.89
      36.287     0.900000        26114        10.00
      36.639     0.912500        26489        11.43
      37.055     0.925000        26829        13.33
      37.599     0.937500        27196        16.00
      38.015     0.943750        27380        17.78
      38.431     0.950000        27552        20.00
      38.879     0.956250        27733        22.86
      39.455     0.962500        27913        26.67
      40.159     0.968750        28101        32.00
      40.511     0.971875        28190        35.56
      40.863     0.975000        28275        40.00
      41.407     0.978125        28367        45.71
      41.951     0.981250        28459        53.33
      42.719     0.984375        28547        64.00
      43.199     0.985938        28596        71.11
      43.711     0.987500        28639        80.00
      44.191     0.989062        28683        91.43
      44.671     0.990625        28731       106.67
      45.215     0.992188        28775       128.00
      45.535     0.992969        28799       142.22
      45.823     0.993750        28820       160.00
      46.303     0.994531        28842       182.86
      46.783     0.995313        28865       213.33
      47.359     0.996094        28888       256.00
      47.871     0.996484        28899       284.44
      48.383     0.996875        28910       320.00
      48.895     0.997266        28921       365.71
      49.567     0.997656        28933       426.67
      50.047     0.998047        28944       512.00
      50.559     0.998242        28950       568.89
      50.879     0.998437        28955       640.00
      51.071     0.998633        28961       731.43
      51.711     0.998828        28968       853.33
      52.351     0.999023        28972      1024.00
      52.927     0.999121        28975      1137.78
      53.343     0.999219        28978      1280.00
      53.695     0.999316        28981      1462.86
      54.719     0.999414        28984      1706.67
      55.167     0.999512        28986      2048.00
      55.679     0.999561        28988      2275.56
      55.775     0.999609        28989      2560.00
      56.863     0.999658        28991      2925.71
      57.439     0.999707        28992      3413.33
      57.759     0.999756        28993      4096.00
      58.207     0.999780        28994      4551.11
      58.655     0.999805        28995      5120.00
      59.839     0.999829        28996      5851.43
      59.839     0.999854        28996      6826.67
      60.319     0.999878        28997      8192.00
      60.319     0.999890        28997      9102.22
      60.383     0.999902        28998     10240.00
      60.383     0.999915        28998     11702.86
      60.383     0.999927        28998     13653.33
      65.247     0.999939        28999     16384.00
      65.247     0.999945        28999     18204.44
      65.247     0.999951        28999     20480.00
      65.247     0.999957        28999     23405.71
      65.247     0.999963        28999     27306.67
      74.751     0.999969        29000     32768.00
      74.751     1.000000        29000          inf
#[Mean    =       32.503, StdDeviation   =        3.210]
#[Max     =       74.688, Total count    =        29000]
#[Buckets =           27, SubBuckets     =         2048]
----------------------------------------------------------
  30002 requests in 5.00m, 200.80MB read
Requests/sec:     99.99
Transfer/sec:    685.30KB

 >> |2017/09/08 19:24:21|JsonVaporClientWrk2V1bc|Vapor JSON benchmarking / Business case
wrk2 -t2 -d5m -c5 --latency -R100 --timeout 100s http://169.254.32.152:8080/jsonVapor