Running 2m test @ http://169.254.32.152:8282/plaintextKitura
  2 threads and 5 connections
  Thread calibration: mean lat.: 1.302ms, rate sampling interval: 10ms
  Thread calibration: mean lat.: 1.297ms, rate sampling interval: 10ms
  Thread Stats   Avg      Stdev     Max   +/- Stdev
    Latency     1.30ms  654.41us  17.06ms   66.84%
    Req/Sec     3.03k   262.03     5.89k    69.91%
  Latency Distribution (HdrHistogram - Recorded Latency)
 50.000%    1.27ms
 75.000%    1.75ms
 90.000%    2.11ms
 99.000%    2.69ms
 99.900%    4.80ms
 99.990%   13.76ms
 99.999%   16.64ms
100.000%   17.07ms

  Detailed Percentile spectrum:
       Value   Percentile   TotalCount 1/(1-Percentile)

       0.182     0.000000            1         1.00
       0.497     0.100000        63147         1.11
       0.696     0.200000       126430         1.25
       0.894     0.300000       189549         1.43
       1.085     0.400000       252768         1.67
       1.271     0.500000       315820         2.00
       1.365     0.550000       347380         2.22
       1.460     0.600000       378864         2.50
       1.555     0.650000       410621         2.86
       1.650     0.700000       441971         3.33
       1.755     0.750000       473550         4.00
       1.810     0.775000       489628         4.44
       1.861     0.800000       505108         5.00
       1.914     0.825000       520875         5.71
       1.972     0.850000       536732         6.67
       2.038     0.875000       552502         8.00
       2.075     0.887500       560721         8.89
       2.111     0.900000       568250        10.00
       2.151     0.912500       576247        11.43
       2.195     0.925000       584192        13.33
       2.247     0.937500       592041        16.00
       2.277     0.943750       596019        17.78
       2.309     0.950000       599957        20.00
       2.343     0.956250       603815        22.86
       2.381     0.962500       607719        26.67
       2.423     0.968750       611728        32.00
       2.447     0.971875       613750        35.56
       2.471     0.975000       615636        40.00
       2.501     0.978125       617646        45.71
       2.533     0.981250       619569        53.33
       2.575     0.984375       621531        64.00
       2.599     0.985938       622485        71.11
       2.629     0.987500       623484        80.00
       2.667     0.989062       624465        91.43
       2.713     0.990625       625438       106.67
       2.775     0.992188       626407       128.00
       2.813     0.992969       626902       142.22
       2.853     0.993750       627412       160.00
       2.899     0.994531       627887       182.86
       2.959     0.995313       628397       213.33
       3.029     0.996094       628882       256.00
       3.073     0.996484       629122       284.44
       3.125     0.996875       629367       320.00
       3.197     0.997266       629616       365.71
       3.283     0.997656       629862       426.67
       3.409     0.998047       630108       512.00
       3.509     0.998242       630232       568.89
       3.609     0.998437       630353       640.00
       3.793     0.998633       630477       731.43
       4.163     0.998828       630600       853.33
       4.927     0.999023       630724      1024.00
       5.515     0.999121       630785      1137.78
       6.107     0.999219       630847      1280.00
       6.611     0.999316       630908      1462.86
       7.123     0.999414       630970      1706.67
       7.655     0.999512       631031      2048.00
       8.035     0.999561       631062      2275.56
       8.431     0.999609       631093      2560.00
       9.039     0.999658       631124      2925.71
       9.463     0.999707       631155      3413.33
      10.103     0.999756       631185      4096.00
      10.423     0.999780       631201      4551.11
      10.791     0.999805       631217      5120.00
      11.271     0.999829       631233      5851.43
      11.935     0.999854       631247      6826.67
      12.927     0.999878       631262      8192.00
      13.391     0.999890       631270      9102.22
      13.887     0.999902       631278     10240.00
      14.391     0.999915       631286     11702.86
      14.871     0.999927       631293     13653.33
      15.375     0.999939       631301     16384.00
      15.535     0.999945       631305     18204.44
      15.663     0.999951       631309     20480.00
      15.879     0.999957       631313     23405.71
      16.055     0.999963       631316     27306.67
      16.191     0.999969       631320     32768.00
      16.215     0.999973       631322     36408.89
      16.351     0.999976       631324     40960.00
      16.415     0.999979       631326     46811.43
      16.479     0.999982       631328     54613.33
      16.527     0.999985       631330     65536.00
      16.575     0.999986       631331     72817.78
      16.623     0.999988       631332     81920.00
      16.639     0.999989       631333     93622.86
      16.719     0.999991       631334    109226.67
      16.911     0.999992       631335    131072.00
      16.911     0.999993       631335    145635.56
      16.943     0.999994       631336    163840.00
      16.943     0.999995       631336    187245.71
      17.007     0.999995       631337    218453.33
      17.007     0.999996       631337    262144.00
      17.007     0.999997       631337    291271.11
      17.055     0.999997       631338    327680.00
      17.055     0.999997       631338    374491.43
      17.055     0.999998       631338    436906.67
      17.055     0.999998       631338    524288.00
      17.055     0.999998       631338    582542.22
      17.071     0.999998       631339    655360.00
      17.071     1.000000       631339          inf
#[Mean    =        1.304, StdDeviation   =        0.654]
#[Max     =       17.056, Total count    =       631339]
#[Buckets =           27, SubBuckets     =         2048]
----------------------------------------------------------
  688778 requests in 2.00m, 475.27MB read
Requests/sec:   5739.75
Transfer/sec:      3.96MB

 >> |2017/09/07 17:56:12|PlaintextKituraClientWrk2V1|Kitura plaintext benchmarking
wrk2 -t2 -d2m -c5 --latency -R5740 --timeout 100s http://169.254.32.152:8282/plaintextKitura