Running 2m test @ http://169.254.32.152:8081/plaintextPerfect
  2 threads and 5 connections
  Thread calibration: mean lat.: 1.430ms, rate sampling interval: 10ms
  Thread calibration: mean lat.: 1.429ms, rate sampling interval: 10ms
  Thread Stats   Avg      Stdev     Max   +/- Stdev
    Latency     1.33ms  604.71us   7.84ms   61.99%
    Req/Sec     2.83k   252.46     4.33k    66.52%
  Latency Distribution (HdrHistogram - Recorded Latency)
 50.000%    1.31ms
 75.000%    1.79ms
 90.000%    2.14ms
 99.000%    2.64ms
 99.900%    3.17ms
 99.990%    5.45ms
 99.999%    7.15ms
100.000%    7.84ms

  Detailed Percentile spectrum:
       Value   Percentile   TotalCount 1/(1-Percentile)

       0.182     0.000000            1         1.00
       0.517     0.100000        59122         1.11
       0.723     0.200000       118309         1.25
       0.925     0.300000       177299         1.43
       1.120     0.400000       236403         1.67
       1.310     0.500000       295475         2.00
       1.406     0.550000       325005         2.22
       1.500     0.600000       354651         2.50
       1.593     0.650000       384184         2.86
       1.693     0.700000       413849         3.33
       1.793     0.750000       443359         4.00
       1.842     0.775000       458201         4.44
       1.892     0.800000       472786         5.00
       1.947     0.825000       487695         5.71
       2.005     0.850000       502232         6.67
       2.069     0.875000       517430         8.00
       2.101     0.887500       524536         8.89
       2.137     0.900000       532057        10.00
       2.175     0.912500       539306        11.43
       2.219     0.925000       546841        13.33
       2.269     0.937500       554115        16.00
       2.295     0.943750       557661        17.78
       2.323     0.950000       561478        20.00
       2.353     0.956250       565128        22.86
       2.385     0.962500       568753        26.67
       2.423     0.968750       572587        32.00
       2.441     0.971875       574243        35.56
       2.465     0.975000       576202        40.00
       2.491     0.978125       578064        45.71
       2.519     0.981250       579812        53.33
       2.555     0.984375       581668        64.00
       2.575     0.985938       582604        71.11
       2.597     0.987500       583487        80.00
       2.623     0.989062       584413        91.43
       2.653     0.990625       585346       106.67
       2.691     0.992188       586288       128.00
       2.709     0.992969       586715       142.22
       2.731     0.993750       587180       160.00
       2.759     0.994531       587658       182.86
       2.791     0.995313       588109       213.33
       2.825     0.996094       588551       256.00
       2.847     0.996484       588783       284.44
       2.869     0.996875       589013       320.00
       2.899     0.997266       589255       365.71
       2.933     0.997656       589478       426.67
       2.979     0.998047       589713       512.00
       3.005     0.998242       589827       568.89
       3.039     0.998437       589936       640.00
       3.077     0.998633       590056       731.43
       3.127     0.998828       590173       853.33
       3.179     0.999023       590284      1024.00
       3.213     0.999121       590340      1137.78
       3.263     0.999219       590399      1280.00
       3.307     0.999316       590456      1462.86
       3.383     0.999414       590515      1706.67
       3.499     0.999512       590571      2048.00
       3.563     0.999561       590601      2275.56
       3.625     0.999609       590630      2560.00
       3.727     0.999658       590658      2925.71
       3.871     0.999707       590686      3413.33
       4.035     0.999756       590715      4096.00
       4.187     0.999780       590736      4551.11
       4.283     0.999805       590744      5120.00
       4.487     0.999829       590759      5851.43
       4.747     0.999854       590773      6826.67
       5.207     0.999878       590787      8192.00
       5.359     0.999890       590795      9102.22
       5.535     0.999902       590802     10240.00
       5.711     0.999915       590810     11702.86
       5.883     0.999927       590816     13653.33
       5.995     0.999939       590823     16384.00
       6.115     0.999945       590827     18204.44
       6.183     0.999951       590831     20480.00
       6.231     0.999957       590834     23405.71
       6.423     0.999963       590838     27306.67
       6.463     0.999969       590841     32768.00
       6.487     0.999973       590843     36408.89
       6.507     0.999976       590845     40960.00
       6.675     0.999979       590847     46811.43
       6.859     0.999982       590849     54613.33
       6.895     0.999985       590850     65536.00
       6.967     0.999986       590851     72817.78
       7.143     0.999988       590852     81920.00
       7.147     0.999989       590853     93622.86
       7.183     0.999991       590854    109226.67
       7.251     0.999992       590855    131072.00
       7.251     0.999993       590855    145635.56
       7.367     0.999994       590856    163840.00
       7.367     0.999995       590856    187245.71
       7.439     0.999995       590857    218453.33
       7.439     0.999996       590857    262144.00
       7.439     0.999997       590857    291271.11
       7.723     0.999997       590858    327680.00
       7.723     0.999997       590858    374491.43
       7.723     0.999998       590858    436906.67
       7.723     0.999998       590858    524288.00
       7.723     0.999998       590858    582542.22
       7.839     0.999998       590859    655360.00
       7.839     1.000000       590859          inf
#[Mean    =        1.328, StdDeviation   =        0.605]
#[Max     =        7.836, Total count    =       590859]
#[Buckets =           27, SubBuckets     =         2048]
----------------------------------------------------------
  644621 requests in 2.00m, 418.04MB read
Requests/sec:   5371.82
Transfer/sec:      3.48MB

 >> |2017/09/07 18:06:12|PlaintextPerfectClientWrk2V1|Perfect plaintext benchmarking
wrk2 -t2 -d2m -c5 --latency -R5373 --timeout 100s http://169.254.32.152:8081/plaintextPerfect