Running 5m test @ http://169.254.185.136:8080/plaintextVapor
  2 threads and 5 connections
  Thread calibration: mean lat.: 5.482ms, rate sampling interval: 20ms
  Thread calibration: mean lat.: 5.746ms, rate sampling interval: 22ms
  Thread Stats   Avg      Stdev     Max   +/- Stdev
    Latency     3.18ms    1.40ms  12.97ms   76.77%
    Req/Sec    51.50     39.75   105.00     53.23%
  Latency Distribution (HdrHistogram - Recorded Latency)
 50.000%    2.84ms
 75.000%    3.82ms
 90.000%    5.05ms
 99.000%    8.03ms
 99.900%   10.94ms
 99.990%   12.18ms
 99.999%   12.98ms
100.000%   12.98ms

  Detailed Percentile spectrum:
       Value   Percentile   TotalCount 1/(1-Percentile)

       0.639     0.000000            1         1.00
       1.823     0.100000         2901         1.11
       2.095     0.200000         5810         1.25
       2.329     0.300000         8728         1.43
       2.567     0.400000        11615         1.67
       2.837     0.500000        14510         2.00
       2.987     0.550000        15949         2.22
       3.153     0.600000        17413         2.50
       3.337     0.650000        18850         2.86
       3.559     0.700000        20299         3.33
       3.815     0.750000        21747         4.00
       3.951     0.775000        22477         4.44
       4.111     0.800000        23201         5.00
       4.303     0.825000        23924         5.71
       4.523     0.850000        24648         6.67
       4.775     0.875000        25378         8.00
       4.903     0.887500        25735         8.89
       5.051     0.900000        26097        10.00
       5.219     0.912500        26465        11.43
       5.395     0.925000        26830        13.33
       5.619     0.937500        27192        16.00
       5.743     0.943750        27367        17.78
       5.895     0.950000        27548        20.00
       6.051     0.956250        27728        22.86
       6.227     0.962500        27912        26.67
       6.415     0.968750        28090        32.00
       6.531     0.971875        28181        35.56
       6.715     0.975000        28273        40.00
       6.915     0.978125        28363        45.71
       7.095     0.981250        28454        53.33
       7.323     0.984375        28543        64.00
       7.451     0.985938        28589        71.11
       7.643     0.987500        28634        80.00
       7.907     0.989062        28679        91.43
       8.127     0.990625        28727       106.67
       8.335     0.992188        28770       128.00
       8.455     0.992969        28795       142.22
       8.623     0.993750        28815       160.00
       8.791     0.994531        28838       182.86
       8.975     0.995313        28861       213.33
       9.167     0.996094        28884       256.00
       9.375     0.996484        28895       284.44
       9.511     0.996875        28906       320.00
       9.719     0.997266        28917       365.71
       9.895     0.997656        28929       426.67
      10.055     0.998047        28940       512.00
      10.151     0.998242        28946       568.89
      10.207     0.998437        28952       640.00
      10.343     0.998633        28957       731.43
      10.639     0.998828        28963       853.33
      10.983     0.999023        28968      1024.00
      11.055     0.999121        28971      1137.78
      11.095     0.999219        28974      1280.00
      11.159     0.999316        28977      1462.86
      11.383     0.999414        28980      1706.67
      11.535     0.999512        28982      2048.00
      11.687     0.999561        28984      2275.56
      11.775     0.999609        28985      2560.00
      11.799     0.999658        28987      2925.71
      11.951     0.999707        28988      3413.33
      12.047     0.999756        28990      4096.00
      12.047     0.999780        28990      4551.11
      12.135     0.999805        28991      5120.00
      12.143     0.999829        28992      5851.43
      12.143     0.999854        28992      6826.67
      12.175     0.999878        28993      8192.00
      12.175     0.999890        28993      9102.22
      12.455     0.999902        28994     10240.00
      12.455     0.999915        28994     11702.86
      12.455     0.999927        28994     13653.33
      12.623     0.999939        28995     16384.00
      12.623     0.999945        28995     18204.44
      12.623     0.999951        28995     20480.00
      12.623     0.999957        28995     23405.71
      12.623     0.999963        28995     27306.67
      12.975     0.999969        28996     32768.00
      12.975     1.000000        28996          inf
#[Mean    =        3.183, StdDeviation   =        1.400]
#[Max     =       12.968, Total count    =        28996]
#[Buckets =           27, SubBuckets     =         2048]
----------------------------------------------------------
  30002 requests in 5.00m, 20.29MB read
Requests/sec:    100.01
Transfer/sec:     69.24KB

 >> |2017/09/06 22:28:36|PlaintextVaporClientWrkV1bc|Vapor plaintext benchmarking
wrk2 -t2 -d5m -c5 --latency -R100 --timeout 100s http://169.254.185.136:8080/plaintextVapor