Running 2m test @ http://169.254.32.152:8080/plaintextVapor
  2 threads and 5 connections
  Thread calibration: mean lat.: 1.446ms, rate sampling interval: 10ms
  Thread calibration: mean lat.: 1.434ms, rate sampling interval: 10ms
  Thread Stats   Avg      Stdev     Max   +/- Stdev
    Latency     1.42ms  671.73us  13.57ms   63.15%
    Req/Sec     2.84k   276.49     4.80k    71.66%
  Latency Distribution (HdrHistogram - Recorded Latency)
 50.000%    1.39ms
 75.000%    1.92ms
 90.000%    2.30ms
 99.000%    2.87ms
 99.900%    3.61ms
 99.990%   10.83ms
 99.999%   13.06ms
100.000%   13.57ms

  Detailed Percentile spectrum:
       Value   Percentile   TotalCount 1/(1-Percentile)

       0.221     0.000000            1         1.00
       0.548     0.100000        59231         1.11
       0.763     0.200000       118567         1.25
       0.978     0.300000       177900         1.43
       1.185     0.400000       237039         1.67
       1.392     0.500000       296094         2.00
       1.494     0.550000       325737         2.22
       1.598     0.600000       355465         2.50
       1.703     0.650000       385014         2.86
       1.808     0.700000       414621         3.33
       1.916     0.750000       444183         4.00
       1.974     0.775000       458963         4.44
       2.034     0.800000       473806         5.00
       2.095     0.825000       488719         5.71
       2.157     0.850000       503478         6.67
       2.223     0.875000       518127         8.00
       2.261     0.887500       525700         8.89
       2.301     0.900000       533038        10.00
       2.343     0.912500       540350        11.43
       2.389     0.925000       547597        13.33
       2.439     0.937500       554993        16.00
       2.467     0.943750       558893        17.78
       2.497     0.950000       562541        20.00
       2.529     0.956250       566102        22.86
       2.567     0.962500       569781        26.67
       2.615     0.968750       573539        32.00
       2.641     0.971875       575354        35.56
       2.671     0.975000       577176        40.00
       2.703     0.978125       579100        45.71
       2.737     0.981250       580949        53.33
       2.775     0.984375       582785        64.00
       2.795     0.985938       583674        71.11
       2.819     0.987500       584586        80.00
       2.847     0.989062       585549        91.43
       2.879     0.990625       586489       106.67
       2.919     0.992188       587353       128.00
       2.945     0.992969       587811       142.22
       2.977     0.993750       588306       160.00
       3.009     0.994531       588746       182.86
       3.053     0.995313       589207       213.33
       3.103     0.996094       589655       256.00
       3.135     0.996484       589891       284.44
       3.173     0.996875       590136       320.00
       3.209     0.997266       590354       365.71
       3.255     0.997656       590580       426.67
       3.315     0.998047       590813       512.00
       3.353     0.998242       590928       568.89
       3.397     0.998437       591043       640.00
       3.449     0.998633       591160       731.43
       3.531     0.998828       591274       853.33
       3.617     0.999023       591389      1024.00
       3.677     0.999121       591447      1137.78
       3.755     0.999219       591507      1280.00
       3.853     0.999316       591563      1462.86
       3.971     0.999414       591621      1706.67
       4.139     0.999512       591678      2048.00
       4.327     0.999561       591707      2275.56
       4.719     0.999609       591736      2560.00
       5.695     0.999658       591765      2925.71
       6.983     0.999707       591794      3413.33
       8.155     0.999756       591823      4096.00
       8.735     0.999780       591837      4551.11
       9.359     0.999805       591852      5120.00
       9.831     0.999829       591866      5851.43
      10.183     0.999854       591881      6826.67
      10.535     0.999878       591895      8192.00
      10.727     0.999890       591902      9102.22
      10.863     0.999902       591910     10240.00
      11.039     0.999915       591917     11702.86
      11.239     0.999927       591924     13653.33
      11.423     0.999939       591931     16384.00
      11.631     0.999945       591935     18204.44
      11.855     0.999951       591939     20480.00
      11.943     0.999957       591942     23405.71
      12.183     0.999963       591946     27306.67
      12.431     0.999969       591950     32768.00
      12.471     0.999973       591951     36408.89
      12.623     0.999976       591953     40960.00
      12.719     0.999979       591955     46811.43
      12.815     0.999982       591957     54613.33
      12.887     0.999985       591958     65536.00
      12.967     0.999986       591959     72817.78
      13.039     0.999988       591960     81920.00
      13.063     0.999989       591961     93622.86
      13.127     0.999991       591962    109226.67
      13.215     0.999992       591963    131072.00
      13.215     0.999993       591963    145635.56
      13.279     0.999994       591964    163840.00
      13.279     0.999995       591964    187245.71
      13.311     0.999995       591965    218453.33
      13.311     0.999996       591965    262144.00
      13.311     0.999997       591965    291271.11
      13.439     0.999997       591966    327680.00
      13.439     0.999997       591966    374491.43
      13.439     0.999998       591966    436906.67
      13.439     0.999998       591966    524288.00
      13.439     0.999998       591966    582542.22
      13.575     0.999998       591967    655360.00
      13.575     1.000000       591967          inf
#[Mean    =        1.419, StdDeviation   =        0.672]
#[Max     =       13.568, Total count    =       591967]
#[Buckets =           27, SubBuckets     =         2048]
----------------------------------------------------------
  645824 requests in 2.00m, 436.68MB read
Requests/sec:   5381.79
Transfer/sec:      3.64MB

 >> |2017/09/07 18:16:12|PlaintextVaporClientWrk2V1|Vapor plaintext benchmarking
wrk2 -t2 -d2m -c5 --latency -R5382 --timeout 100s http://169.254.32.152:8080/plaintextVapor