Running 5m test @ http://169.254.185.136:8080/htmlVapor
  2 threads and 5 connections
  Thread calibration: mean lat.: 1.380ms, rate sampling interval: 10ms
  Thread calibration: mean lat.: 1.375ms, rate sampling interval: 10ms
  Thread Stats   Avg      Stdev     Max   +/- Stdev
    Latency     1.39ms  611.43us   7.90ms   61.90%
    Req/Sec     2.64k   234.22     4.22k    61.47%
  Latency Distribution (HdrHistogram - Recorded Latency)
 50.000%    1.37ms
 75.000%    1.86ms
 90.000%    2.20ms
 99.000%    2.79ms
 99.900%    3.34ms
 99.990%    4.39ms
 99.999%    6.74ms
100.000%    7.90ms

  Detailed Percentile spectrum:
       Value   Percentile   TotalCount 1/(1-Percentile)

       0.185     0.000000            1         1.00
       0.576     0.100000       144930         1.11
       0.776     0.200000       289682         1.25
       0.983     0.300000       434670         1.43
       1.183     0.400000       579625         1.67
       1.372     0.500000       723958         2.00
       1.465     0.550000       796206         2.22
       1.557     0.600000       868585         2.50
       1.651     0.650000       941505         2.86
       1.751     0.700000      1013516         3.33
       1.857     0.750000      1086212         4.00
       1.909     0.775000      1122217         4.44
       1.961     0.800000      1158484         5.00
       2.014     0.825000      1194429         5.71
       2.071     0.850000      1231286         6.67
       2.131     0.875000      1267336         8.00
       2.163     0.887500      1285249         8.89
       2.197     0.900000      1303369        10.00
       2.235     0.912500      1321813        11.43
       2.277     0.925000      1339778        13.33
       2.327     0.937500      1357553        16.00
       2.357     0.943750      1366522        17.78
       2.391     0.950000      1375773        20.00
       2.427     0.956250      1384692        22.86
       2.467     0.962500      1393750        26.67
       2.511     0.968750      1402636        32.00
       2.535     0.971875      1406985        35.56
       2.563     0.975000      1411700        40.00
       2.595     0.978125      1416132        45.71
       2.631     0.981250      1420541        53.33
       2.673     0.984375      1425024        64.00
       2.699     0.985938      1427357        71.11
       2.729     0.987500      1429625        80.00
       2.761     0.989062      1431837        91.43
       2.801     0.990625      1434155       106.67
       2.847     0.992188      1436379       128.00
       2.871     0.992969      1437527       142.22
       2.897     0.993750      1438607       160.00
       2.929     0.994531      1439776       182.86
       2.963     0.995313      1440899       213.33
       3.001     0.996094      1442002       256.00
       3.023     0.996484      1442551       284.44
       3.049     0.996875      1443125       320.00
       3.077     0.997266      1443693       365.71
       3.111     0.997656      1444251       426.67
       3.157     0.998047      1444828       512.00
       3.183     0.998242      1445101       568.89
       3.219     0.998437      1445375       640.00
       3.255     0.998633      1445660       731.43
       3.299     0.998828      1445947       853.33
       3.343     0.999023      1446220      1024.00
       3.371     0.999121      1446364      1137.78
       3.399     0.999219      1446507      1280.00
       3.429     0.999316      1446645      1462.86
       3.463     0.999414      1446787      1706.67
       3.507     0.999512      1446930      2048.00
       3.535     0.999561      1446998      2275.56
       3.567     0.999609      1447072      2560.00
       3.609     0.999658      1447139      2925.71
       3.655     0.999707      1447209      3413.33
       3.715     0.999756      1447280      4096.00
       3.771     0.999780      1447317      4551.11
       3.809     0.999805      1447351      5120.00
       3.883     0.999829      1447386      5851.43
       3.969     0.999854      1447422      6826.67
       4.119     0.999878      1447457      8192.00
       4.219     0.999890      1447474      9102.22
       4.443     0.999902      1447492     10240.00
       4.591     0.999915      1447511     11702.86
       4.843     0.999927      1447528     13653.33
       5.147     0.999939      1447545     16384.00
       5.339     0.999945      1447554     18204.44
       5.487     0.999951      1447563     20480.00
       5.623     0.999957      1447572     23405.71
       5.875     0.999963      1447580     27306.67
       6.019     0.999969      1447589     32768.00
       6.107     0.999973      1447594     36408.89
       6.167     0.999976      1447598     40960.00
       6.327     0.999979      1447603     46811.43
       6.519     0.999982      1447607     54613.33
       6.587     0.999985      1447612     65536.00
       6.655     0.999986      1447614     72817.78
       6.699     0.999988      1447616     81920.00
       6.703     0.999989      1447618     93622.86
       6.763     0.999991      1447621    109226.67
       6.815     0.999992      1447622    131072.00
       6.855     0.999993      1447624    145635.56
       6.899     0.999994      1447625    163840.00
       6.919     0.999995      1447626    187245.71
       7.103     0.999995      1447627    218453.33
       7.171     0.999996      1447628    262144.00
       7.175     0.999997      1447629    291271.11
       7.175     0.999997      1447629    327680.00
       7.215     0.999997      1447630    374491.43
       7.215     0.999998      1447630    436906.67
       7.351     0.999998      1447631    524288.00
       7.351     0.999998      1447631    582542.22
       7.351     0.999998      1447631    655360.00
       7.559     0.999999      1447632    748982.86
       7.559     0.999999      1447632    873813.33
       7.559     0.999999      1447632   1048576.00
       7.559     0.999999      1447632   1165084.44
       7.559     0.999999      1447632   1310720.00
       7.899     0.999999      1447633   1497965.71
       7.899     1.000000      1447633          inf
#[Mean    =        1.389, StdDeviation   =        0.611]
#[Max     =        7.896, Total count    =      1447633]
#[Buckets =           27, SubBuckets     =         2048]
----------------------------------------------------------
  1497583 requests in 5.00m, 2.19GB read
Requests/sec:   4991.92
Transfer/sec:      7.47MB

 >> |2017/09/06 21:50:06|HtmlVaporClientWrk2V1|Vapor HTML benchmarking
wrk2 -t2 -d5m -c5 --latency -R4992 --timeout 100s http://169.254.185.136:8080/htmlVapor