Running 1m test @ http://169.254.90.222:8080/jsonShortVapor
  2 threads and 10 connections
  Thread calibration: mean lat.: 2.004ms, rate sampling interval: 10ms
  Thread calibration: mean lat.: 1.980ms, rate sampling interval: 10ms
  Thread Stats   Avg      Stdev     Max   +/- Stdev
    Latency     1.75ms    0.89ms  21.26ms   74.82%
    Req/Sec     2.55k   280.02     5.33k    73.60%
  Latency Distribution (HdrHistogram - Recorded Latency)
 50.000%    1.63ms
 75.000%    2.22ms
 90.000%    2.79ms
 99.000%    3.84ms
 99.900%    9.77ms
 99.990%   17.87ms
 99.999%   20.82ms
100.000%   21.28ms

  Detailed Percentile spectrum:
       Value   Percentile   TotalCount 1/(1-Percentile)

       0.306     0.000000            1         1.00
       0.816     0.100000        24233         1.11
       1.025     0.200000        48391         1.25
       1.227     0.300000        72499         1.43
       1.427     0.400000        96660         1.67
       1.628     0.500000       120889         2.00
       1.729     0.550000       132880         2.22
       1.834     0.600000       145011         2.50
       1.950     0.650000       157129         2.86
       2.077     0.700000       169122         3.33
       2.223     0.750000       181291         4.00
       2.301     0.775000       187262         4.44
       2.385     0.800000       193391         5.00
       2.473     0.825000       199328         5.71
       2.567     0.850000       205417         6.67
       2.669     0.875000       211390         8.00
       2.725     0.887500       214423         8.89
       2.787     0.900000       217497        10.00
       2.853     0.912500       220528        11.43
       2.927     0.925000       223507        13.33
       3.007     0.937500       226490        16.00
       3.053     0.943750       228007        17.78
       3.109     0.950000       229578        20.00
       3.165     0.956250       231068        22.86
       3.231     0.962500       232538        26.67
       3.313     0.968750       234050        32.00
       3.359     0.971875       234801        35.56
       3.413     0.975000       235550        40.00
       3.469     0.978125       236307        45.71
       3.533     0.981250       237058        53.33
       3.617     0.984375       237814        64.00
       3.659     0.985938       238199        71.11
       3.715     0.987500       238569        80.00
       3.789     0.989062       238951        91.43
       3.873     0.990625       239323       106.67
       4.001     0.992188       239703       128.00
       4.083     0.992969       239890       142.22
       4.211     0.993750       240082       160.00
       4.403     0.994531       240266       182.86
       4.735     0.995313       240455       213.33
       5.315     0.996094       240644       256.00
       5.659     0.996484       240738       284.44
       6.135     0.996875       240833       320.00
       6.507     0.997266       240927       365.71
       7.051     0.997656       241021       426.67
       7.563     0.998047       241118       512.00
       7.915     0.998242       241163       568.89
       8.303     0.998437       241211       640.00
       8.687     0.998633       241257       731.43
       9.183     0.998828       241305       853.33
       9.815     0.999023       241352      1024.00
      10.031     0.999121       241375      1137.78
      10.439     0.999219       241399      1280.00
      10.759     0.999316       241424      1462.86
      11.431     0.999414       241446      1706.67
      12.271     0.999512       241470      2048.00
      12.775     0.999561       241481      2275.56
      13.335     0.999609       241493      2560.00
      13.935     0.999658       241505      2925.71
      14.439     0.999707       241517      3413.33
      15.487     0.999756       241529      4096.00
      15.767     0.999780       241534      4551.11
      16.399     0.999805       241540      5120.00
      16.799     0.999829       241546      5851.43
      17.119     0.999854       241552      6826.67
      17.695     0.999878       241558      8192.00
      17.807     0.999890       241561      9102.22
      18.095     0.999902       241564     10240.00
      18.607     0.999915       241568     11702.86
      18.943     0.999927       241570     13653.33
      19.663     0.999939       241574     16384.00
      19.663     0.999945       241574     18204.44
      19.855     0.999951       241576     20480.00
      20.127     0.999957       241577     23405.71
      20.303     0.999963       241580     27306.67
      20.303     0.999969       241580     32768.00
      20.351     0.999973       241581     36408.89
      20.367     0.999976       241582     40960.00
      20.367     0.999979       241582     46811.43
      20.719     0.999982       241583     54613.33
      20.783     0.999985       241584     65536.00
      20.783     0.999986       241584     72817.78
      20.815     0.999988       241585     81920.00
      20.815     0.999989       241585     93622.86
      20.815     0.999991       241585    109226.67
      21.215     0.999992       241586    131072.00
      21.215     0.999993       241586    145635.56
      21.215     0.999994       241586    163840.00
      21.215     0.999995       241586    187245.71
      21.215     0.999995       241586    218453.33
      21.279     0.999996       241587    262144.00
      21.279     1.000000       241587          inf
#[Mean    =        1.746, StdDeviation   =        0.888]
#[Max     =       21.264, Total count    =       241587]
#[Buckets =           27, SubBuckets     =         2048]
----------------------------------------------------------
  289994 requests in 1.00m, 45.08MB read
Requests/sec:   4833.10
Transfer/sec:    769.33KB
