Running 1m test @ http://169.254.90.222:8282/jsonShortKitura
  2 threads and 10 connections
  Thread calibration: mean lat.: 1.661ms, rate sampling interval: 10ms
  Thread calibration: mean lat.: 1.649ms, rate sampling interval: 10ms
  Thread Stats   Avg      Stdev     Max   +/- Stdev
    Latency     1.75ms    1.43ms  38.24ms   96.83%
    Req/Sec     2.95k   306.91     7.11k    75.39%
  Latency Distribution (HdrHistogram - Recorded Latency)
 50.000%    1.60ms
 75.000%    2.16ms
 90.000%    2.69ms
 99.000%    3.80ms
 99.900%   23.47ms
 99.990%   33.95ms
 99.999%   37.92ms
100.000%   38.27ms

  Detailed Percentile spectrum:
       Value   Percentile   TotalCount 1/(1-Percentile)

       0.229     0.000000            1         1.00
       0.774     0.100000        28011         1.11
       0.997     0.200000        55999         1.25
       1.203     0.300000        83951         1.43
       1.399     0.400000       111983         1.67
       1.595     0.500000       139995         2.00
       1.694     0.550000       153904         2.22
       1.798     0.600000       167911         2.50
       1.909     0.650000       181936         2.86
       2.028     0.700000       195840         3.33
       2.163     0.750000       209916         4.00
       2.235     0.775000       216893         4.44
       2.309     0.800000       223823         5.00
       2.391     0.825000       230833         5.71
       2.481     0.850000       237889         6.67
       2.579     0.875000       244807         8.00
       2.631     0.887500       248285         8.89
       2.689     0.900000       251844        10.00
       2.747     0.912500       255344        11.43
       2.817     0.925000       258857        13.33
       2.897     0.937500       262314        16.00
       2.941     0.943750       264041        17.78
       2.989     0.950000       265799        20.00
       3.043     0.956250       267528        22.86
       3.105     0.962500       269293        26.67
       3.175     0.968750       271035        32.00
       3.217     0.971875       271905        35.56
       3.267     0.975000       272780        40.00
       3.323     0.978125       273651        45.71
       3.391     0.981250       274535        53.33
       3.475     0.984375       275396        64.00
       3.535     0.985938       275832        71.11
       3.607     0.987500       276265        80.00
       3.709     0.989062       276700        91.43
       3.871     0.990625       277133       106.67
       4.355     0.992188       277573       128.00
       4.895     0.992969       277788       142.22
       5.751     0.993750       278009       160.00
       6.835     0.994531       278226       182.86
       8.759     0.995313       278445       213.33
      11.495     0.996094       278663       256.00
      13.103     0.996484       278772       284.44
      14.535     0.996875       278882       320.00
      15.839     0.997266       278991       365.71
      17.375     0.997656       279100       426.67
      18.639     0.998047       279210       512.00
      19.247     0.998242       279264       568.89
      20.015     0.998437       279318       640.00
      21.023     0.998633       279373       731.43
      22.191     0.998828       279428       853.33
      23.663     0.999023       279483      1024.00
      24.223     0.999121       279511      1137.78
      24.767     0.999219       279537      1280.00
      25.631     0.999316       279564      1462.86
      26.431     0.999414       279592      1706.67
      27.503     0.999512       279619      2048.00
      28.079     0.999561       279633      2275.56
      28.991     0.999609       279646      2560.00
      29.727     0.999658       279660      2925.71
      30.815     0.999707       279674      3413.33
      31.631     0.999756       279688      4096.00
      31.903     0.999780       279694      4551.11
      32.447     0.999805       279701      5120.00
      32.671     0.999829       279708      5851.43
      33.183     0.999854       279716      6826.67
      33.407     0.999878       279721      8192.00
      33.823     0.999890       279725      9102.22
      33.951     0.999902       279728     10240.00
      34.239     0.999915       279732     11702.86
      34.463     0.999927       279735     13653.33
      35.359     0.999939       279738     16384.00
      35.647     0.999945       279740     18204.44
      35.999     0.999951       279742     20480.00
      36.383     0.999957       279744     23405.71
      36.511     0.999963       279745     27306.67
      37.055     0.999969       279747     32768.00
      37.087     0.999973       279748     36408.89
      37.183     0.999976       279749     40960.00
      37.375     0.999979       279750     46811.43
      37.375     0.999982       279750     54613.33
      37.439     0.999985       279751     65536.00
      37.919     0.999986       279752     72817.78
      37.919     0.999988       279752     81920.00
      38.207     0.999989       279753     93622.86
      38.207     0.999991       279753    109226.67
      38.207     0.999992       279753    131072.00
      38.239     0.999993       279754    145635.56
      38.239     0.999994       279754    163840.00
      38.239     0.999995       279754    187245.71
      38.239     0.999995       279754    218453.33
      38.239     0.999996       279754    262144.00
      38.271     0.999997       279755    291271.11
      38.271     1.000000       279755          inf
#[Mean    =        1.748, StdDeviation   =        1.433]
#[Max     =       38.240, Total count    =       279755]
#[Buckets =           27, SubBuckets     =         2048]
----------------------------------------------------------
  335821 requests in 1.00m, 70.31MB read
Requests/sec:   5596.92
Transfer/sec:      1.17MB
