Running 1m test @ http://169.254.90.222:8282/jsonKitura
  2 threads and 10 connections
  Thread calibration: mean lat.: 16.933ms, rate sampling interval: 25ms
  Thread calibration: mean lat.: 14.764ms, rate sampling interval: 24ms
  Thread Stats   Avg      Stdev     Max   +/- Stdev
    Latency     6.58ms    2.02ms  16.85ms   72.10%
    Req/Sec   140.24     48.52   217.00     47.41%
  Latency Distribution (HdrHistogram - Recorded Latency)
 50.000%    5.91ms
 75.000%    7.80ms
 90.000%    9.62ms
 99.000%   12.32ms
 99.900%   14.00ms
 99.990%   16.25ms
 99.999%   16.86ms
100.000%   16.86ms

  Detailed Percentile spectrum:
       Value   Percentile   TotalCount 1/(1-Percentile)

       3.587     0.000000            1         1.00
       4.519     0.100000         1380         1.11
       4.903     0.200000         2771         1.25
       5.215     0.300000         4142         1.43
       5.531     0.400000         5536         1.67
       5.911     0.500000         6901         2.00
       6.159     0.550000         7589         2.22
       6.487     0.600000         8280         2.50
       6.879     0.650000         8970         2.86
       7.319     0.700000         9654         3.33
       7.803     0.750000        10349         4.00
       8.055     0.775000        10690         4.44
       8.303     0.800000        11033         5.00
       8.567     0.825000        11378         5.71
       8.855     0.850000        11730         6.67
       9.191     0.875000        12068         8.00
       9.415     0.887500        12240         8.89
       9.623     0.900000        12419        10.00
       9.895     0.912500        12590        11.43
      10.151     0.925000        12759        13.33
      10.391     0.937500        12932        16.00
      10.527     0.943750        13017        17.78
      10.703     0.950000        13103        20.00
      10.895     0.956250        13188        22.86
      11.095     0.962500        13275        26.67
      11.295     0.968750        13362        32.00
      11.391     0.971875        13406        35.56
      11.503     0.975000        13447        40.00
      11.695     0.978125        13493        45.71
      11.839     0.981250        13534        53.33
      11.967     0.984375        13579        64.00
      12.087     0.985938        13599        71.11
      12.151     0.987500        13620        80.00
      12.263     0.989062        13642        91.43
      12.359     0.990625        13663       106.67
      12.495     0.992188        13684       128.00
      12.583     0.992969        13695       142.22
      12.647     0.993750        13706       160.00
      12.743     0.994531        13716       182.86
      12.831     0.995313        13727       213.33
      12.951     0.996094        13738       256.00
      13.015     0.996484        13743       284.44
      13.087     0.996875        13748       320.00
      13.143     0.997266        13754       365.71
      13.263     0.997656        13759       426.67
      13.415     0.998047        13767       512.00
      13.415     0.998242        13767       568.89
      13.535     0.998437        13770       640.00
      13.703     0.998633        13773       731.43
      13.727     0.998828        13775       853.33
      14.031     0.999023        13778      1024.00
      14.047     0.999121        13779      1137.78
      14.343     0.999219        13781      1280.00
      14.407     0.999316        13782      1462.86
      14.431     0.999414        13783      1706.67
      14.471     0.999512        13785      2048.00
      14.471     0.999561        13785      2275.56
      14.487     0.999609        13786      2560.00
      14.679     0.999658        13787      2925.71
      14.679     0.999707        13787      3413.33
      15.463     0.999756        13788      4096.00
      15.463     0.999780        13788      4551.11
      15.887     0.999805        13789      5120.00
      15.887     0.999829        13789      5851.43
      15.887     0.999854        13789      6826.67
      16.255     0.999878        13790      8192.00
      16.255     0.999890        13790      9102.22
      16.255     0.999902        13790     10240.00
      16.255     0.999915        13790     11702.86
      16.255     0.999927        13790     13653.33
      16.863     0.999939        13791     16384.00
      16.863     1.000000        13791          inf
#[Mean    =        6.578, StdDeviation   =        2.023]
#[Max     =       16.848, Total count    =        13791]
#[Buckets =           27, SubBuckets     =         2048]
----------------------------------------------------------
  16562 requests in 1.00m, 150.99MB read
Requests/sec:    275.99
Transfer/sec:      2.52MB
