Running 1m test @ http://169.254.90.222:8282/jsonShortKitura
  2 threads and 10 connections
  Thread calibration: mean lat.: 1.704ms, rate sampling interval: 10ms
  Thread calibration: mean lat.: 1.699ms, rate sampling interval: 10ms
  Thread Stats   Avg      Stdev     Max   +/- Stdev
    Latency     1.71ms    0.91ms  14.78ms   75.51%
    Req/Sec     2.94k   309.07     5.55k    78.91%
  Latency Distribution (HdrHistogram - Recorded Latency)
 50.000%    1.59ms
 75.000%    2.16ms
 90.000%    2.74ms
 99.000%    4.24ms
 99.900%    9.53ms
 99.990%   12.81ms
 99.999%   14.16ms
100.000%   14.79ms

  Detailed Percentile spectrum:
       Value   Percentile   TotalCount 1/(1-Percentile)

       0.221     0.000000            1         1.00
       0.759     0.100000        27958         1.11
       0.972     0.200000        55726         1.25
       1.181     0.300000        83564         1.43
       1.390     0.400000       111383         1.67
       1.592     0.500000       139220         2.00
       1.693     0.550000       153059         2.22
       1.797     0.600000       167042         2.50
       1.907     0.650000       180892         2.86
       2.028     0.700000       194805         3.33
       2.163     0.750000       208735         4.00
       2.241     0.775000       215819         4.44
       2.321     0.800000       222642         5.00
       2.411     0.825000       229564         5.71
       2.511     0.850000       236543         6.67
       2.621     0.875000       243475         8.00
       2.681     0.887500       247024         8.89
       2.743     0.900000       250483        10.00
       2.811     0.912500       253940        11.43
       2.885     0.925000       257467        13.33
       2.969     0.937500       260933        16.00
       3.013     0.943750       262645        17.78
       3.063     0.950000       264382        20.00
       3.119     0.956250       266076        22.86
       3.185     0.962500       267850        26.67
       3.261     0.968750       269576        32.00
       3.309     0.971875       270455        35.56
       3.361     0.975000       271317        40.00
       3.417     0.978125       272174        45.71
       3.497     0.981250       273053        53.33
       3.607     0.984375       273908        64.00
       3.685     0.985938       274343        71.11
       3.805     0.987500       274773        80.00
       4.029     0.989062       275207        91.43
       4.399     0.990625       275642       106.67
       4.939     0.992188       276076       128.00
       5.263     0.992969       276293       142.22
       5.639     0.993750       276513       160.00
       6.031     0.994531       276730       182.86
       6.431     0.995313       276945       213.33
       6.895     0.996094       277163       256.00
       7.155     0.996484       277272       284.44
       7.399     0.996875       277381       320.00
       7.679     0.997266       277489       365.71
       8.023     0.997656       277599       426.67
       8.391     0.998047       277706       512.00
       8.575     0.998242       277765       568.89
       8.767     0.998437       277815       640.00
       9.007     0.998633       277869       731.43
       9.263     0.998828       277924       853.33
       9.567     0.999023       277978      1024.00
       9.687     0.999121       278009      1137.78
       9.831     0.999219       278032      1280.00
      10.055     0.999316       278060      1462.86
      10.319     0.999414       278087      1706.67
      10.623     0.999512       278115      2048.00
      10.735     0.999561       278127      2275.56
      10.991     0.999609       278141      2560.00
      11.143     0.999658       278154      2925.71
      11.423     0.999707       278168      3413.33
      11.703     0.999756       278182      4096.00
      11.767     0.999780       278188      4551.11
      11.919     0.999805       278195      5120.00
      12.135     0.999829       278202      5851.43
      12.351     0.999854       278209      6826.67
      12.535     0.999878       278216      8192.00
      12.719     0.999890       278219      9102.22
      12.815     0.999902       278222     10240.00
      12.967     0.999915       278226     11702.86
      13.095     0.999927       278229     13653.33
      13.279     0.999939       278233     16384.00
      13.295     0.999945       278234     18204.44
      13.367     0.999951       278236     20480.00
      13.471     0.999957       278238     23405.71
      13.623     0.999963       278239     27306.67
      13.679     0.999969       278241     32768.00
      13.703     0.999973       278242     36408.89
      13.711     0.999976       278243     40960.00
      13.759     0.999979       278244     46811.43
      13.759     0.999982       278244     54613.33
      13.823     0.999985       278245     65536.00
      14.159     0.999986       278246     72817.78
      14.159     0.999988       278246     81920.00
      14.199     0.999989       278247     93622.86
      14.199     0.999991       278247    109226.67
      14.199     0.999992       278247    131072.00
      14.239     0.999993       278248    145635.56
      14.239     0.999994       278248    163840.00
      14.239     0.999995       278248    187245.71
      14.239     0.999995       278248    218453.33
      14.239     0.999996       278248    262144.00
      14.791     0.999997       278249    291271.11
      14.791     1.000000       278249          inf
#[Mean    =        1.706, StdDeviation   =        0.906]
#[Max     =       14.784, Total count    =       278249]
#[Buckets =           27, SubBuckets     =         2048]
----------------------------------------------------------
  334014 requests in 1.00m, 69.93MB read
Requests/sec:   5566.93
Transfer/sec:      1.17MB
