Running 1m test @ http://169.254.90.222:8081/jsonPerfect
  2 threads and 10 connections
  Thread calibration: mean lat.: 6.932ms, rate sampling interval: 21ms
  Thread calibration: mean lat.: 6.848ms, rate sampling interval: 21ms
  Thread Stats   Avg      Stdev     Max   +/- Stdev
    Latency     5.83ms    1.80ms  17.94ms   78.27%
    Req/Sec    53.92     75.92   250.00     78.09%
  Latency Distribution (HdrHistogram - Recorded Latency)
 50.000%    5.25ms
 75.000%    6.69ms
 90.000%    8.34ms
 99.000%   11.98ms
 99.900%   15.96ms
 99.990%   17.81ms
 99.999%   17.95ms
100.000%   17.95ms

  Detailed Percentile spectrum:
       Value   Percentile   TotalCount 1/(1-Percentile)

       3.027     0.000000            1         1.00
       4.147     0.100000          554         1.11
       4.467     0.200000         1098         1.25
       4.735     0.300000         1660         1.43
       4.987     0.400000         2211         1.67
       5.251     0.500000         2752         2.00
       5.415     0.550000         3028         2.22
       5.607     0.600000         3302         2.50
       5.871     0.650000         3569         2.86
       6.279     0.700000         3847         3.33
       6.687     0.750000         4118         4.00
       6.887     0.775000         4257         4.44
       7.083     0.800000         4395         5.00
       7.275     0.825000         4530         5.71
       7.535     0.850000         4668         6.67
       7.891     0.875000         4805         8.00
       8.079     0.887500         4874         8.89
       8.335     0.900000         4941        10.00
       8.567     0.912500         5012        11.43
       8.823     0.925000         5079        13.33
       9.143     0.937500         5147        16.00
       9.271     0.943750         5183        17.78
       9.479     0.950000         5216        20.00
       9.703     0.956250         5251        22.86
       9.879     0.962500         5286        26.67
      10.079     0.968750         5319        32.00
      10.263     0.971875         5337        35.56
      10.431     0.975000         5354        40.00
      10.615     0.978125         5370        45.71
      10.847     0.981250         5388        53.33
      11.159     0.984375         5405        64.00
      11.463     0.985938         5413        71.11
      11.631     0.987500         5422        80.00
      11.927     0.989062         5430        91.43
      12.023     0.990625         5439       106.67
      12.215     0.992188         5448       128.00
      12.287     0.992969         5452       142.22
      12.343     0.993750         5456       160.00
      12.463     0.994531         5460       182.86
      12.631     0.995313         5465       213.33
      13.415     0.996094         5469       256.00
      13.647     0.996484         5471       284.44
      13.783     0.996875         5473       320.00
      13.815     0.997266         5475       365.71
      13.887     0.997656         5478       426.67
      14.407     0.998047         5480       512.00
      14.879     0.998242         5481       568.89
      15.015     0.998437         5482       640.00
      15.111     0.998633         5483       731.43
      15.167     0.998828         5484       853.33
      15.959     0.999023         5485      1024.00
      16.199     0.999121         5486      1137.78
      16.199     0.999219         5486      1280.00
      17.631     0.999316         5487      1462.86
      17.631     0.999414         5487      1706.67
      17.807     0.999512         5489      2048.00
      17.807     0.999561         5489      2275.56
      17.807     0.999609         5489      2560.00
      17.807     0.999658         5489      2925.71
      17.807     0.999707         5489      3413.33
      17.807     0.999756         5489      4096.00
      17.807     0.999780         5489      4551.11
      17.807     0.999805         5489      5120.00
      17.951     0.999829         5490      5851.43
      17.951     1.000000         5490          inf
#[Mean    =        5.825, StdDeviation   =        1.799]
#[Max     =       17.936, Total count    =         5490]
#[Buckets =           27, SubBuckets     =         2048]
----------------------------------------------------------
  6502 requests in 1.08m, 43.44MB read
Requests/sec:    100.02
Transfer/sec:    684.20KB
