Running 1m test @ http://169.254.90.222:8282/jsonShortKitura
  2 threads and 10 connections
  Thread calibration: mean lat.: 2.754ms, rate sampling interval: 10ms
  Thread calibration: mean lat.: 2.808ms, rate sampling interval: 10ms
  Thread Stats   Avg      Stdev     Max   +/- Stdev
    Latency     1.92ms    1.70ms  38.88ms   95.30%
    Req/Sec     2.95k   410.68     6.22k    84.61%
  Latency Distribution (HdrHistogram - Recorded Latency)
 50.000%    1.63ms
 75.000%    2.26ms
 90.000%    2.94ms
 99.000%    8.84ms
 99.900%   23.60ms
 99.990%   36.83ms
 99.999%   38.37ms
100.000%   38.91ms

  Detailed Percentile spectrum:
       Value   Percentile   TotalCount 1/(1-Percentile)

       0.224     0.000000            1         1.00
       0.766     0.100000        27948         1.11
       0.988     0.200000        55862         1.25
       1.206     0.300000        83848         1.43
       1.421     0.400000       111810         1.67
       1.631     0.500000       139638         2.00
       1.740     0.550000       153667         2.22
       1.852     0.600000       167645         2.50
       1.972     0.650000       181547         2.86
       2.107     0.700000       195550         3.33
       2.259     0.750000       209471         4.00
       2.347     0.775000       216454         4.44
       2.441     0.800000       223419         5.00
       2.543     0.825000       230509         5.71
       2.655     0.850000       237377         6.67
       2.785     0.875000       244411         8.00
       2.855     0.887500       247850         8.89
       2.939     0.900000       251351        10.00
       3.037     0.912500       254889        11.43
       3.147     0.925000       258367        13.33
       3.293     0.937500       261807        16.00
       3.395     0.943750       263558        17.78
       3.531     0.950000       265306        20.00
       3.755     0.956250       267049        22.86
       4.215     0.962500       268792        26.67
       4.943     0.968750       270537        32.00
       5.375     0.971875       271408        35.56
       5.831     0.975000       272278        40.00
       6.327     0.978125       273158        45.71
       6.883     0.981250       274030        53.33
       7.479     0.984375       274898        64.00
       7.807     0.985938       275333        71.11
       8.159     0.987500       275769        80.00
       8.575     0.989062       276204        91.43
       8.999     0.990625       276640       106.67
       9.503     0.992188       277079       128.00
       9.767     0.992969       277301       142.22
      10.071     0.993750       277519       160.00
      10.447     0.994531       277733       182.86
      10.831     0.995313       277951       213.33
      11.287     0.996094       278168       256.00
      11.631     0.996484       278278       284.44
      12.111     0.996875       278387       320.00
      12.927     0.997266       278495       365.71
      14.439     0.997656       278604       426.67
      16.575     0.998047       278715       512.00
      17.967     0.998242       278769       568.89
      19.407     0.998437       278822       640.00
      20.799     0.998633       278877       731.43
      22.255     0.998828       278931       853.33
      23.775     0.999023       278986      1024.00
      24.351     0.999121       279013      1137.78
      25.103     0.999219       279040      1280.00
      26.143     0.999316       279068      1462.86
      27.215     0.999414       279095      1706.67
      29.343     0.999512       279122      2048.00
      30.575     0.999561       279136      2275.56
      31.631     0.999609       279149      2560.00
      32.703     0.999658       279164      2925.71
      33.695     0.999707       279177      3413.33
      34.815     0.999756       279190      4096.00
      35.103     0.999780       279197      4551.11
      35.615     0.999805       279204      5120.00
      35.839     0.999829       279212      5851.43
      36.159     0.999854       279219      6826.67
      36.671     0.999878       279226      8192.00
      36.703     0.999890       279228      9102.22
      36.895     0.999902       279232     10240.00
      36.991     0.999915       279235     11702.86
      37.183     0.999927       279238     13653.33
      37.343     0.999939       279241     16384.00
      37.375     0.999945       279243     18204.44
      37.599     0.999951       279246     20480.00
      37.695     0.999957       279247     23405.71
      37.727     0.999963       279248     27306.67
      37.919     0.999969       279250     32768.00
      37.951     0.999973       279251     36408.89
      38.271     0.999976       279252     40960.00
      38.335     0.999979       279253     46811.43
      38.335     0.999982       279253     54613.33
      38.367     0.999985       279255     65536.00
      38.367     0.999986       279255     72817.78
      38.367     0.999988       279255     81920.00
      38.463     0.999989       279257     93622.86
      38.463     0.999991       279257    109226.67
      38.463     0.999992       279257    131072.00
      38.463     0.999993       279257    145635.56
      38.463     0.999994       279257    163840.00
      38.463     0.999995       279257    187245.71
      38.463     0.999995       279257    218453.33
      38.463     0.999996       279257    262144.00
      38.911     0.999997       279258    291271.11
      38.911     1.000000       279258          inf
#[Mean    =        1.917, StdDeviation   =        1.704]
#[Max     =       38.880, Total count    =       279258]
#[Buckets =           27, SubBuckets     =         2048]
----------------------------------------------------------
  335219 requests in 1.00m, 70.18MB read
Requests/sec:   5587.02
Transfer/sec:      1.17MB
