Running 5m test @ http://169.254.185.136:8081/plaintextPerfect
  2 threads and 5 connections
  Thread calibration: mean lat.: 5.184ms, rate sampling interval: 19ms
  Thread calibration: mean lat.: 5.155ms, rate sampling interval: 19ms
  Thread Stats   Avg      Stdev     Max   +/- Stdev
    Latency     3.54ms    1.86ms  12.65ms   74.05%
    Req/Sec    52.76     43.50   111.00     42.54%
  Latency Distribution (HdrHistogram - Recorded Latency)
 50.000%    3.07ms
 75.000%    4.39ms
 90.000%    6.21ms
 99.000%    9.42ms
 99.900%   11.50ms
 99.990%   12.24ms
 99.999%   12.65ms
100.000%   12.65ms

  Detailed Percentile spectrum:
       Value   Percentile   TotalCount 1/(1-Percentile)

       0.381     0.000000            1         1.00
       1.653     0.100000         2900         1.11
       2.063     0.200000         5805         1.25
       2.407     0.300000         8717         1.43
       2.717     0.400000        11603         1.67
       3.065     0.500000        14509         2.00
       3.257     0.550000        15950         2.22
       3.465     0.600000        17407         2.50
       3.703     0.650000        18850         2.86
       3.997     0.700000        20307         3.33
       4.387     0.750000        21773         4.00
       4.591     0.775000        22481         4.44
       4.835     0.800000        23199         5.00
       5.155     0.825000        23926         5.71
       5.475     0.850000        24655         6.67
       5.843     0.875000        25380         8.00
       6.023     0.887500        25739         8.89
       6.207     0.900000        26097        10.00
       6.427     0.912500        26461        11.43
       6.683     0.925000        26827        13.33
       6.975     0.937500        27186        16.00
       7.151     0.943750        27366        17.78
       7.387     0.950000        27549        20.00
       7.615     0.956250        27731        22.86
       7.851     0.962500        27911        26.67
       8.127     0.968750        28091        32.00
       8.279     0.971875        28185        35.56
       8.447     0.975000        28274        40.00
       8.599     0.978125        28362        45.71
       8.767     0.981250        28458        53.33
       8.943     0.984375        28543        64.00
       9.071     0.985938        28589        71.11
       9.191     0.987500        28637        80.00
       9.335     0.989062        28679        91.43
       9.503     0.990625        28726       106.67
       9.735     0.992188        28772       128.00
       9.863     0.992969        28794       142.22
      10.007     0.993750        28815       160.00
      10.191     0.994531        28839       182.86
      10.295     0.995313        28861       213.33
      10.455     0.996094        28883       256.00
      10.655     0.996484        28895       284.44
      10.815     0.996875        28906       320.00
      10.911     0.997266        28919       365.71
      10.983     0.997656        28929       426.67
      11.111     0.998047        28940       512.00
      11.207     0.998242        28946       568.89
      11.311     0.998437        28951       640.00
      11.375     0.998633        28957       731.43
      11.463     0.998828        28964       853.33
      11.519     0.999023        28968      1024.00
      11.567     0.999121        28971      1137.78
      11.663     0.999219        28974      1280.00
      11.695     0.999316        28978      1462.86
      11.807     0.999414        28981      1706.67
      11.839     0.999512        28982      2048.00
      11.935     0.999561        28984      2275.56
      11.975     0.999609        28985      2560.00
      11.999     0.999658        28987      2925.71
      12.031     0.999707        28988      3413.33
      12.063     0.999756        28989      4096.00
      12.143     0.999780        28990      4551.11
      12.167     0.999805        28991      5120.00
      12.223     0.999829        28992      5851.43
      12.223     0.999854        28992      6826.67
      12.239     0.999878        28993      8192.00
      12.239     0.999890        28993      9102.22
      12.383     0.999902        28994     10240.00
      12.383     0.999915        28994     11702.86
      12.383     0.999927        28994     13653.33
      12.455     0.999939        28995     16384.00
      12.455     0.999945        28995     18204.44
      12.455     0.999951        28995     20480.00
      12.455     0.999957        28995     23405.71
      12.455     0.999963        28995     27306.67
      12.655     0.999969        28996     32768.00
      12.655     1.000000        28996          inf
#[Mean    =        3.540, StdDeviation   =        1.865]
#[Max     =       12.648, Total count    =        28996]
#[Buckets =           27, SubBuckets     =         2048]
----------------------------------------------------------
  30002 requests in 5.00m, 19.46MB read
Requests/sec:    100.00
Transfer/sec:     66.41KB

 >> |2017/09/07 10:08:38|PlaintextPerfectClientWrkV1bc|Perfect plaintext benchmarking
wrk2 -t2 -d5m -c5 --latency -R100 --timeout 100s http://169.254.185.136:8081/plaintextPerfect