Running 5m test @ http://169.254.185.136:8081/plaintextPerfect
  2 threads and 5 connections
  Thread calibration: mean lat.: 1.407ms, rate sampling interval: 10ms
  Thread calibration: mean lat.: 1.408ms, rate sampling interval: 10ms
  Thread Stats   Avg      Stdev     Max   +/- Stdev
    Latency     1.41ms  641.41us   5.24ms   61.65%
    Req/Sec     2.68k   251.30     3.78k    69.09%
  Latency Distribution (HdrHistogram - Recorded Latency)
 50.000%    1.39ms
 75.000%    1.90ms
 90.000%    2.28ms
 99.000%    2.80ms
 99.900%    3.36ms
 99.990%    3.87ms
 99.999%    4.36ms
100.000%    5.24ms

  Detailed Percentile spectrum:
       Value   Percentile   TotalCount 1/(1-Percentile)

       0.183     0.000000            1         1.00
       0.549     0.100000       147683         1.11
       0.765     0.200000       294837         1.25
       0.984     0.300000       441425         1.43
       1.190     0.400000       588844         1.67
       1.394     0.500000       736076         2.00
       1.494     0.550000       809753         2.22
       1.594     0.600000       883081         2.50
       1.695     0.650000       956876         2.86
       1.796     0.700000      1030135         3.33
       1.901     0.750000      1103923         4.00
       1.956     0.775000      1140984         4.44
       2.013     0.800000      1177703         5.00
       2.071     0.825000      1214314         5.71
       2.133     0.850000      1251426         6.67
       2.199     0.875000      1287562         8.00
       2.237     0.887500      1306590         8.89
       2.275     0.900000      1324506        10.00
       2.317     0.912500      1343348        11.43
       2.361     0.925000      1361810        13.33
       2.409     0.937500      1379975        16.00
       2.435     0.943750      1388990        17.78
       2.463     0.950000      1398002        20.00
       2.497     0.956250      1407484        22.86
       2.535     0.962500      1416311        26.67
       2.579     0.968750      1425471        32.00
       2.605     0.971875      1430197        35.56
       2.631     0.975000      1434791        40.00
       2.659     0.978125      1439343        45.71
       2.691     0.981250      1444116        53.33
       2.723     0.984375      1448457        64.00
       2.743     0.985938      1450860        71.11
       2.763     0.987500      1453017        80.00
       2.787     0.989062      1455329        91.43
       2.815     0.990625      1457690       106.67
       2.849     0.992188      1459910       128.00
       2.871     0.992969      1461115       142.22
       2.897     0.993750      1462265       160.00
       2.927     0.994531      1463373       182.86
       2.965     0.995313      1464518       213.33
       3.013     0.996094      1465654       256.00
       3.041     0.996484      1466250       284.44
       3.073     0.996875      1466813       320.00
       3.107     0.997266      1467402       365.71
       3.145     0.997656      1467959       426.67
       3.189     0.998047      1468535       512.00
       3.215     0.998242      1468833       568.89
       3.245     0.998437      1469117       640.00
       3.283     0.998633      1469402       731.43
       3.321     0.998828      1469678       853.33
       3.363     0.999023      1469970      1024.00
       3.387     0.999121      1470112      1137.78
       3.413     0.999219      1470258      1280.00
       3.443     0.999316      1470401      1462.86
       3.477     0.999414      1470544      1706.67
       3.515     0.999512      1470684      2048.00
       3.541     0.999561      1470757      2275.56
       3.571     0.999609      1470828      2560.00
       3.605     0.999658      1470899      2925.71
       3.639     0.999707      1470970      3413.33
       3.685     0.999756      1471044      4096.00
       3.711     0.999780      1471078      4551.11
       3.739     0.999805      1471113      5120.00
       3.767     0.999829      1471149      5851.43
       3.797     0.999854      1471185      6826.67
       3.833     0.999878      1471222      8192.00
       3.855     0.999890      1471239      9102.22
       3.871     0.999902      1471257     10240.00
       3.901     0.999915      1471275     11702.86
       3.925     0.999927      1471293     13653.33
       3.969     0.999939      1471312     16384.00
       3.979     0.999945      1471320     18204.44
       4.019     0.999951      1471329     20480.00
       4.051     0.999957      1471338     23405.71
       4.065     0.999963      1471347     27306.67
       4.123     0.999969      1471356     32768.00
       4.155     0.999973      1471360     36408.89
       4.183     0.999976      1471366     40960.00
       4.199     0.999979      1471369     46811.43
       4.227     0.999982      1471374     54613.33
       4.271     0.999985      1471379     65536.00
       4.275     0.999986      1471380     72817.78
       4.303     0.999988      1471383     81920.00
       4.355     0.999989      1471385     93622.86
       4.419     0.999991      1471387    109226.67
       4.447     0.999992      1471389    131072.00
       4.471     0.999993      1471390    145635.56
       4.495     0.999994      1471392    163840.00
       4.503     0.999995      1471393    187245.71
       4.547     0.999995      1471394    218453.33
       4.555     0.999996      1471395    262144.00
       4.555     0.999997      1471395    291271.11
       4.591     0.999997      1471396    327680.00
       4.787     0.999997      1471397    374491.43
       4.787     0.999998      1471397    436906.67
       4.867     0.999998      1471398    524288.00
       4.867     0.999998      1471398    582542.22
       4.867     0.999998      1471398    655360.00
       4.915     0.999999      1471399    748982.86
       4.915     0.999999      1471399    873813.33
       4.915     0.999999      1471399   1048576.00
       4.915     0.999999      1471399   1165084.44
       4.915     0.999999      1471399   1310720.00
       5.239     0.999999      1471400   1497965.71
       5.239     1.000000      1471400          inf
#[Mean    =        1.410, StdDeviation   =        0.641]
#[Max     =        5.236, Total count    =      1471400]
#[Buckets =           27, SubBuckets     =         2048]
----------------------------------------------------------
  1522179 requests in 5.00m, 0.96GB read
Requests/sec:   5073.92
Transfer/sec:      3.29MB

 >> |2017/09/07 10:03:08|PlaintextPerfectClientWrk2V1|Perfect plaintext benchmarking
wrk2 -t2 -d5m -c5 --latency -R5075 --timeout 100s http://169.254.185.136:8081/plaintextPerfect