Running 5m test @ http://169.254.185.136:8282/plaintextKitura
  2 threads and 5 connections
  Thread calibration: mean lat.: 5.288ms, rate sampling interval: 19ms
  Thread calibration: mean lat.: 5.299ms, rate sampling interval: 19ms
  Thread Stats   Avg      Stdev     Max   +/- Stdev
    Latency     3.65ms    1.85ms  13.14ms   73.39%
    Req/Sec    52.74     43.06   111.00     44.91%
  Latency Distribution (HdrHistogram - Recorded Latency)
 50.000%    3.22ms
 75.000%    4.42ms
 90.000%    6.33ms
 99.000%    9.36ms
 99.900%   11.71ms
 99.990%   12.64ms
 99.999%   13.15ms
100.000%   13.15ms

  Detailed Percentile spectrum:
       Value   Percentile   TotalCount 1/(1-Percentile)

       0.530     0.000000            1         1.00
       1.755     0.100000         2908         1.11
       2.155     0.200000         5808         1.25
       2.523     0.300000         8704         1.43
       2.847     0.400000        11607         1.67
       3.223     0.500000        14500         2.00
       3.423     0.550000        15954         2.22
       3.631     0.600000        17407         2.50
       3.865     0.650000        18859         2.86
       4.103     0.700000        20313         3.33
       4.419     0.750000        21751         4.00
       4.639     0.775000        22479         4.44
       4.903     0.800000        23209         5.00
       5.255     0.825000        23928         5.71
       5.631     0.850000        24651         6.67
       5.987     0.875000        25382         8.00
       6.155     0.887500        25738         8.89
       6.327     0.900000        26102        10.00
       6.523     0.912500        26466        11.43
       6.751     0.925000        26829        13.33
       7.111     0.937500        27188        16.00
       7.403     0.943750        27369        17.78
       7.567     0.950000        27550        20.00
       7.723     0.956250        27734        22.86
       7.915     0.962500        27915        26.67
       8.123     0.968750        28095        32.00
       8.239     0.971875        28185        35.56
       8.343     0.975000        28277        40.00
       8.503     0.978125        28366        45.71
       8.687     0.981250        28462        53.33
       8.879     0.984375        28547        64.00
       9.007     0.985938        28594        71.11
       9.103     0.987500        28641        80.00
       9.271     0.989062        28684        91.43
       9.447     0.990625        28731       106.67
       9.775     0.992188        28774       128.00
       9.927     0.992969        28797       142.22
      10.071     0.993750        28819       160.00
      10.231     0.994531        28842       182.86
      10.455     0.995313        28865       213.33
      10.655     0.996094        28887       256.00
      10.743     0.996484        28899       284.44
      10.855     0.996875        28910       320.00
      10.975     0.997266        28921       365.71
      11.111     0.997656        28933       426.67
      11.311     0.998047        28944       512.00
      11.391     0.998242        28950       568.89
      11.471     0.998437        28956       640.00
      11.559     0.998633        28962       731.43
      11.671     0.998828        28967       853.33
      11.719     0.999023        28972      1024.00
      11.775     0.999121        28975      1137.78
      11.799     0.999219        28978      1280.00
      11.847     0.999316        28981      1462.86
      11.911     0.999414        28984      1706.67
      11.935     0.999512        28986      2048.00
      12.023     0.999561        28988      2275.56
      12.047     0.999609        28989      2560.00
      12.071     0.999658        28991      2925.71
      12.119     0.999707        28992      3413.33
      12.239     0.999756        28993      4096.00
      12.327     0.999780        28994      4551.11
      12.375     0.999805        28995      5120.00
      12.423     0.999829        28996      5851.43
      12.423     0.999854        28996      6826.67
      12.639     0.999878        28997      8192.00
      12.639     0.999890        28997      9102.22
      12.735     0.999902        28998     10240.00
      12.735     0.999915        28998     11702.86
      12.735     0.999927        28998     13653.33
      12.943     0.999939        28999     16384.00
      12.943     0.999945        28999     18204.44
      12.943     0.999951        28999     20480.00
      12.943     0.999957        28999     23405.71
      12.943     0.999963        28999     27306.67
      13.151     0.999969        29000     32768.00
      13.151     1.000000        29000          inf
#[Mean    =        3.653, StdDeviation   =        1.855]
#[Max     =       13.144, Total count    =        29000]
#[Buckets =           27, SubBuckets     =         2048]
----------------------------------------------------------
  30002 requests in 5.00m, 20.70MB read
Requests/sec:    100.01
Transfer/sec:     70.66KB

 >> |2017/09/06 23:45:05|PlaintextKituraClientWrkV1bc|Kitura plaintext benchmarking
wrk2 -t2 -d5m -c5 --latency -R100 --timeout 100s http://169.254.185.136:8282/plaintextKitura