Running 5m test @ http://169.254.32.152:8081/jsonShortPerfect
  2 threads and 5 connections
  Thread calibration: mean lat.: 1.362ms, rate sampling interval: 10ms
  Thread calibration: mean lat.: 1.364ms, rate sampling interval: 10ms
  Thread Stats   Avg      Stdev     Max   +/- Stdev
    Latency     1.43ms  632.93us  21.30ms   64.62%
    Req/Sec     2.44k   213.88     4.67k    60.36%
  Latency Distribution (HdrHistogram - Recorded Latency)
 50.000%    1.41ms
 75.000%    1.89ms
 90.000%    2.24ms
 99.000%    2.83ms
 99.900%    3.56ms
 99.990%   10.43ms
 99.999%   20.70ms
100.000%   21.31ms

  Detailed Percentile spectrum:
       Value   Percentile   TotalCount 1/(1-Percentile)

       0.211     0.000000            1         1.00
       0.629     0.100000       134654         1.11
       0.828     0.200000       268835         1.25
       1.022     0.300000       403552         1.43
       1.218     0.400000       537723         1.67
       1.407     0.500000       671910         2.00
       1.501     0.550000       739640         2.22
       1.595     0.600000       806758         2.50
       1.690     0.650000       873803         2.86
       1.788     0.700000       940840         3.33
       1.891     0.750000      1008440         4.00
       1.944     0.775000      1042099         4.44
       1.997     0.800000      1075050         5.00
       2.053     0.825000      1108940         5.71
       2.113     0.850000      1143125         6.67
       2.175     0.875000      1176438         8.00
       2.209     0.887500      1193330         8.89
       2.243     0.900000      1209590        10.00
       2.281     0.912500      1226398        11.43
       2.323     0.925000      1243206        13.33
       2.371     0.937500      1260467        16.00
       2.395     0.943750      1268410        17.78
       2.423     0.950000      1276999        20.00
       2.453     0.956250      1285189        22.86
       2.489     0.962500      1293712        26.67
       2.531     0.968750      1301821        32.00
       2.559     0.971875      1306230        35.56
       2.589     0.975000      1310318        40.00
       2.625     0.978125      1314592        45.71
       2.667     0.981250      1318747        53.33
       2.715     0.984375      1322855        64.00
       2.743     0.985938      1324974        71.11
       2.773     0.987500      1327066        80.00
       2.807     0.989062      1329207        91.43
       2.845     0.990625      1331306       106.67
       2.885     0.992188      1333347       128.00
       2.909     0.992969      1334390       142.22
       2.937     0.993750      1335456       160.00
       2.967     0.994531      1336477       182.86
       3.005     0.995313      1337533       213.33
       3.051     0.996094      1338593       256.00
       3.079     0.996484      1339118       284.44
       3.109     0.996875      1339609       320.00
       3.147     0.997266      1340152       365.71
       3.193     0.997656      1340663       426.67
       3.257     0.998047      1341195       512.00
       3.295     0.998242      1341452       568.89
       3.341     0.998437      1341710       640.00
       3.397     0.998633      1341974       731.43
       3.473     0.998828      1342239       853.33
       3.573     0.999023      1342503      1024.00
       3.639     0.999121      1342629      1137.78
       3.739     0.999219      1342761      1280.00
       3.863     0.999316      1342890      1462.86
       4.061     0.999414      1343021      1706.67
       4.435     0.999512      1343152      2048.00
       4.715     0.999561      1343221      2275.56
       4.991     0.999609      1343284      2560.00
       5.275     0.999658      1343349      2925.71
       5.587     0.999707      1343415      3413.33
       6.063     0.999756      1343480      4096.00
       6.339     0.999780      1343513      4551.11
       6.703     0.999805      1343546      5120.00
       7.179     0.999829      1343579      5851.43
       7.851     0.999854      1343612      6826.67
       8.791     0.999878      1343645      8192.00
       9.439     0.999890      1343661      9102.22
      10.855     0.999902      1343677     10240.00
      12.735     0.999915      1343694     11702.86
      14.311     0.999927      1343710     13653.33
      15.647     0.999939      1343726     16384.00
      16.367     0.999945      1343735     18204.44
      16.927     0.999951      1343743     20480.00
      17.551     0.999957      1343752     23405.71
      18.095     0.999963      1343759     27306.67
      18.703     0.999969      1343767     32768.00
      19.199     0.999973      1343772     36408.89
      19.519     0.999976      1343776     40960.00
      19.839     0.999979      1343780     46811.43
      20.095     0.999982      1343784     54613.33
      20.239     0.999985      1343788     65536.00
      20.367     0.999986      1343790     72817.78
      20.479     0.999988      1343792     81920.00
      20.543     0.999989      1343794     93622.86
      20.751     0.999991      1343797    109226.67
      20.783     0.999992      1343798    131072.00
      20.847     0.999993      1343800    145635.56
      20.847     0.999994      1343800    163840.00
      20.895     0.999995      1343801    187245.71
      20.959     0.999995      1343802    218453.33
      21.007     0.999996      1343803    262144.00
      21.071     0.999997      1343804    291271.11
      21.071     0.999997      1343804    327680.00
      21.135     0.999997      1343805    374491.43
      21.135     0.999998      1343805    436906.67
      21.151     0.999998      1343806    524288.00
      21.151     0.999998      1343806    582542.22
      21.151     0.999998      1343806    655360.00
      21.263     0.999999      1343807    748982.86
      21.263     0.999999      1343807    873813.33
      21.263     0.999999      1343807   1048576.00
      21.263     0.999999      1343807   1165084.44
      21.263     0.999999      1343807   1310720.00
      21.311     0.999999      1343808   1497965.71
      21.311     1.000000      1343808          inf
#[Mean    =        1.432, StdDeviation   =        0.633]
#[Max     =       21.296, Total count    =      1343808]
#[Buckets =           27, SubBuckets     =         2048]
----------------------------------------------------------
  1390178 requests in 5.00m, 201.52MB read
Requests/sec:   4633.93
Transfer/sec:    687.85KB

 >> |2017/09/07 11:57:10|JsonPerfectClientWrk2V2|Perfect JSON benchmarking
wrk2 -t2 -d5m -c5 --latency -R4635 --timeout 100s http://169.254.32.152:8081/jsonShortPerfect