Running 5m test @ http://169.254.185.136:8282/jsonShortKitura
  2 threads and 5 connections
  Thread calibration: mean lat.: 1.462ms, rate sampling interval: 10ms
  Thread calibration: mean lat.: 1.462ms, rate sampling interval: 10ms
  Thread Stats   Avg      Stdev     Max   +/- Stdev
    Latency     1.46ms  651.78us  12.33ms   61.81%
    Req/Sec     2.46k   219.96     4.44k    69.37%
  Latency Distribution (HdrHistogram - Recorded Latency)
 50.000%    1.43ms
 75.000%    1.96ms
 90.000%    2.34ms
 99.000%    2.94ms
 99.900%    3.51ms
 99.990%    4.80ms
 99.999%   10.96ms
100.000%   12.34ms

  Detailed Percentile spectrum:
       Value   Percentile   TotalCount 1/(1-Percentile)

       0.208     0.000000            1         1.00
       0.613     0.100000       135998         1.11
       0.815     0.200000       271434         1.25
       1.019     0.300000       406913         1.43
       1.223     0.400000       542351         1.67
       1.427     0.500000       677486         2.00
       1.530     0.550000       745263         2.22
       1.635     0.600000       813425         2.50
       1.738     0.650000       881004         2.86
       1.845     0.700000       948948         3.33
       1.959     0.750000      1016151         4.00
       2.019     0.775000      1050048         4.44
       2.079     0.800000      1083938         5.00
       2.141     0.825000      1118775         5.71
       2.203     0.850000      1152094         6.67
       2.269     0.875000      1185782         8.00
       2.305     0.887500      1202882         8.89
       2.343     0.900000      1220082        10.00
       2.381     0.912500      1236705        11.43
       2.423     0.925000      1253463        13.33
       2.471     0.937500      1270660        16.00
       2.497     0.943750      1278925        17.78
       2.527     0.950000      1287570        20.00
       2.561     0.956250      1296003        22.86
       2.601     0.962500      1304188        26.67
       2.651     0.968750      1312627        32.00
       2.679     0.971875      1316740        35.56
       2.713     0.975000      1321124        40.00
       2.749     0.978125      1325305        45.71
       2.789     0.981250      1329508        53.33
       2.833     0.984375      1333676        64.00
       2.859     0.985938      1335817        71.11
       2.887     0.987500      1337968        80.00
       2.917     0.989062      1340076        91.43
       2.951     0.990625      1342179       106.67
       2.993     0.992188      1344334       128.00
       3.017     0.992969      1345390       142.22
       3.043     0.993750      1346422       160.00
       3.075     0.994531      1347489       182.86
       3.113     0.995313      1348526       213.33
       3.153     0.996094      1349571       256.00
       3.179     0.996484      1350096       284.44
       3.207     0.996875      1350619       320.00
       3.241     0.997266      1351146       365.71
       3.279     0.997656      1351663       426.67
       3.327     0.998047      1352199       512.00
       3.355     0.998242      1352472       568.89
       3.383     0.998437      1352721       640.00
       3.425     0.998633      1352991       731.43
       3.461     0.998828      1353257       853.33
       3.513     0.999023      1353520      1024.00
       3.541     0.999121      1353651      1137.78
       3.577     0.999219      1353785      1280.00
       3.615     0.999316      1353914      1462.86
       3.665     0.999414      1354046      1706.67
       3.727     0.999512      1354178      2048.00
       3.757     0.999561      1354242      2275.56
       3.797     0.999609      1354309      2560.00
       3.843     0.999658      1354374      2925.71
       3.913     0.999707      1354441      3413.33
       3.989     0.999756      1354509      4096.00
       4.045     0.999780      1354540      4551.11
       4.099     0.999805      1354578      5120.00
       4.171     0.999829      1354610      5851.43
       4.311     0.999854      1354640      6826.67
       4.519     0.999878      1354672      8192.00
       4.687     0.999890      1354689      9102.22
       4.823     0.999902      1354706     10240.00
       4.995     0.999915      1354722     11702.86
       5.343     0.999927      1354738     13653.33
       5.775     0.999939      1354755     16384.00
       6.131     0.999945      1354763     18204.44
       6.331     0.999951      1354771     20480.00
       7.191     0.999957      1354780     23405.71
       8.031     0.999963      1354788     27306.67
       8.759     0.999969      1354796     32768.00
       9.127     0.999973      1354800     36408.89
       9.375     0.999976      1354804     40960.00
       9.775     0.999979      1354809     46811.43
      10.167     0.999982      1354814     54613.33
      10.399     0.999985      1354817     65536.00
      10.567     0.999986      1354819     72817.78
      10.767     0.999988      1354821     81920.00
      10.959     0.999989      1354823     93622.86
      11.039     0.999991      1354825    109226.67
      11.215     0.999992      1354827    131072.00
      11.279     0.999993      1354828    145635.56
      11.351     0.999994      1354829    163840.00
      11.479     0.999995      1354830    187245.71
      11.535     0.999995      1354831    218453.33
      11.599     0.999996      1354832    262144.00
      11.847     0.999997      1354833    291271.11
      11.847     0.999997      1354833    327680.00
      11.871     0.999997      1354834    374491.43
      11.871     0.999998      1354834    436906.67
      12.047     0.999998      1354835    524288.00
      12.047     0.999998      1354835    582542.22
      12.047     0.999998      1354835    655360.00
      12.103     0.999999      1354836    748982.86
      12.103     0.999999      1354836    873813.33
      12.103     0.999999      1354836   1048576.00
      12.103     0.999999      1354836   1165084.44
      12.103     0.999999      1354836   1310720.00
      12.335     0.999999      1354837   1497965.71
      12.335     1.000000      1354837          inf
#[Mean    =        1.462, StdDeviation   =        0.652]
#[Max     =       12.328, Total count    =      1354837]
#[Buckets =           27, SubBuckets     =         2048]
----------------------------------------------------------
  1401585 requests in 5.00m, 293.44MB read
Requests/sec:   4671.92
Transfer/sec:      0.98MB

 >> |2017/09/06 23:28:35|JsonKituraClientWrk2V2|Kitura JSON benchmarking
wrk2 -t2 -d5m -c5 --latency -R4672 --timeout 100s http://169.254.185.136:8282/jsonShortKitura