Running 10m test @ http://169.254.247.94:8090/json
  4 threads and 20 connections
  Thread calibration: mean lat.: 4.637ms, rate sampling interval: 22ms
  Thread calibration: mean lat.: 4.613ms, rate sampling interval: 22ms
  Thread calibration: mean lat.: 4.373ms, rate sampling interval: 23ms
  Thread calibration: mean lat.: 4.440ms, rate sampling interval: 21ms
  Thread Stats   Avg      Stdev     Max   +/- Stdev
    Latency     3.15ms    1.93ms  14.74ms   87.98%
    Req/Sec     5.91     29.99   250.00     95.57%
  Latency Distribution (HdrHistogram - Recorded Latency)
 50.000%    2.65ms
 75.000%    3.52ms
 90.000%    4.95ms
 99.000%   11.40ms
 99.900%   13.85ms
 99.990%   14.62ms
 99.999%   14.74ms
100.000%   14.74ms

  Detailed Percentile spectrum:
       Value   Percentile   TotalCount 1/(1-Percentile)

       0.581     0.000000            1         1.00
       1.600     0.100000         1180         1.11
       1.904     0.200000         2360         1.25
       2.165     0.300000         3538         1.43
       2.397     0.400000         4717         1.67
       2.649     0.500000         5896         2.00
       2.791     0.550000         6484         2.22
       2.949     0.600000         7077         2.50
       3.115     0.650000         7661         2.86
       3.293     0.700000         8246         3.33
       3.515     0.750000         8837         4.00
       3.631     0.775000         9136         4.44
       3.781     0.800000         9424         5.00
       3.979     0.825000         9720         5.71
       4.203     0.850000        10020         6.67
       4.471     0.875000        10309         8.00
       4.667     0.887500        10455         8.89
       4.947     0.900000        10602        10.00
       5.267     0.912500        10752        11.43
       5.779     0.925000        10898        13.33
       6.419     0.937500        11045        16.00
       6.835     0.943750        11118        17.78
       7.291     0.950000        11191        20.00
       7.827     0.956250        11265        22.86
       8.383     0.962500        11340        26.67
       9.127     0.968750        11412        32.00
       9.327     0.971875        11449        35.56
       9.575     0.975000        11486        40.00
       9.871     0.978125        11524        45.71
      10.239     0.981250        11560        53.33
      10.623     0.984375        11596        64.00
      10.871     0.985938        11615        71.11
      11.127     0.987500        11634        80.00
      11.287     0.989062        11653        91.43
      11.511     0.990625        11671       106.67
      11.815     0.992188        11688       128.00
      11.991     0.992969        11698       142.22
      12.191     0.993750        11708       160.00
      12.375     0.994531        11716       182.86
      12.511     0.995313        11725       213.33
      12.727     0.996094        11735       256.00
      12.807     0.996484        11740       284.44
      12.895     0.996875        11744       320.00
      13.055     0.997266        11749       365.71
      13.359     0.997656        11753       426.67
      13.503     0.998047        11757       512.00
      13.655     0.998242        11760       568.89
      13.679     0.998437        11762       640.00
      13.711     0.998633        11764       731.43
      13.831     0.998828        11767       853.33
      13.935     0.999023        11769      1024.00
      14.047     0.999121        11770      1137.78
      14.095     0.999219        11771      1280.00
      14.111     0.999316        11772      1462.86
      14.215     0.999414        11774      1706.67
      14.271     0.999512        11775      2048.00
      14.271     0.999561        11775      2275.56
      14.287     0.999609        11776      2560.00
      14.287     0.999658        11776      2925.71
      14.447     0.999707        11777      3413.33
      14.463     0.999756        11778      4096.00
      14.463     0.999780        11778      4551.11
      14.463     0.999805        11778      5120.00
      14.463     0.999829        11778      5851.43
      14.623     0.999854        11779      6826.67
      14.623     0.999878        11779      8192.00
      14.623     0.999890        11779      9102.22
      14.623     0.999902        11779     10240.00
      14.623     0.999915        11779     11702.86
      14.743     0.999927        11780     13653.33
      14.743     1.000000        11780          inf
#[Mean    =        3.147, StdDeviation   =        1.934]
#[Max     =       14.736, Total count    =        11780]
#[Buckets =           27, SubBuckets     =         2048]
----------------------------------------------------------
  12004 requests in 10.00m, 4.77MB read
Requests/sec:     20.01
Transfer/sec:      8.14KB
