Running 10m test @ http://169.254.247.94:8181/json
  4 threads and 20 connections
  Thread calibration: mean lat.: 4.683ms, rate sampling interval: 23ms
  Thread calibration: mean lat.: 4.682ms, rate sampling interval: 24ms
  Thread calibration: mean lat.: 4.786ms, rate sampling interval: 24ms
  Thread calibration: mean lat.: 4.552ms, rate sampling interval: 22ms
  Thread Stats   Avg      Stdev     Max   +/- Stdev
    Latency     3.66ms    2.21ms  14.83ms   85.44%
    Req/Sec     6.22     31.39   238.00     95.86%
  Latency Distribution (HdrHistogram - Recorded Latency)
 50.000%    3.01ms
 75.000%    4.13ms
 90.000%    6.14ms
 99.000%   12.30ms
 99.900%   13.82ms
 99.990%   14.63ms
 99.999%   14.84ms
100.000%   14.84ms

  Detailed Percentile spectrum:
       Value   Percentile   TotalCount 1/(1-Percentile)

       0.619     0.000000            1         1.00
       1.835     0.100000         1178         1.11
       2.209     0.200000         2358         1.25
       2.479     0.300000         3536         1.43
       2.725     0.400000         4724         1.67
       3.011     0.500000         5897         2.00
       3.205     0.550000         6489         2.22
       3.421     0.600000         7070         2.50
       3.661     0.650000         7659         2.86
       3.887     0.700000         8249         3.33
       4.131     0.750000         8836         4.00
       4.267     0.775000         9130         4.44
       4.431     0.800000         9425         5.00
       4.651     0.825000         9720         5.71
       4.979     0.850000        10015         6.67
       5.459     0.875000        10308         8.00
       5.779     0.887500        10457         8.89
       6.143     0.900000        10602        10.00
       6.567     0.912500        10751        11.43
       7.099     0.925000        10897        13.33
       7.967     0.937500        11045        16.00
       8.455     0.943750        11119        17.78
       8.943     0.950000        11191        20.00
       9.391     0.956250        11265        22.86
       9.847     0.962500        11339        26.67
      10.311     0.968750        11412        32.00
      10.647     0.971875        11451        35.56
      10.903     0.975000        11486        40.00
      11.199     0.978125        11523        45.71
      11.583     0.981250        11561        53.33
      11.791     0.984375        11596        64.00
      11.943     0.985938        11615        71.11
      12.063     0.987500        11634        80.00
      12.215     0.989062        11653        91.43
      12.375     0.990625        11671       106.67
      12.575     0.992188        11688       128.00
      12.695     0.992969        11698       142.22
      12.759     0.993750        11707       160.00
      12.847     0.994531        11716       182.86
      13.007     0.995313        11725       213.33
      13.183     0.996094        11735       256.00
      13.231     0.996484        11739       284.44
      13.327     0.996875        11744       320.00
      13.375     0.997266        11748       365.71
      13.487     0.997656        11754       426.67
      13.615     0.998047        11757       512.00
      13.687     0.998242        11761       568.89
      13.703     0.998437        11762       640.00
      13.735     0.998633        11764       731.43
      13.815     0.998828        11767       853.33
      13.831     0.999023        11769      1024.00
      13.855     0.999121        11770      1137.78
      13.951     0.999219        11771      1280.00
      13.991     0.999316        11772      1462.86
      14.111     0.999414        11774      1706.67
      14.159     0.999512        11775      2048.00
      14.159     0.999561        11775      2275.56
      14.175     0.999609        11776      2560.00
      14.175     0.999658        11776      2925.71
      14.255     0.999707        11777      3413.33
      14.479     0.999756        11778      4096.00
      14.479     0.999780        11778      4551.11
      14.479     0.999805        11778      5120.00
      14.479     0.999829        11778      5851.43
      14.631     0.999854        11779      6826.67
      14.631     0.999878        11779      8192.00
      14.631     0.999890        11779      9102.22
      14.631     0.999902        11779     10240.00
      14.631     0.999915        11779     11702.86
      14.839     0.999927        11780     13653.33
      14.839     1.000000        11780          inf
#[Mean    =        3.659, StdDeviation   =        2.207]
#[Max     =       14.832, Total count    =        11780]
#[Buckets =           27, SubBuckets     =         2048]
----------------------------------------------------------
  12004 requests in 10.00m, 3.40MB read
Requests/sec:     20.01
Transfer/sec:      5.80KB
