Running 5m test @ http://169.254.185.136:8081/jsonShortPerfect
  2 threads and 5 connections
  Thread calibration: mean lat.: 3.628ms, rate sampling interval: 13ms
  Thread calibration: mean lat.: 3.707ms, rate sampling interval: 13ms
  Thread Stats   Avg      Stdev     Max   +/- Stdev
    Latency     2.90ms    1.13ms   9.95ms   72.16%
    Req/Sec    53.70     60.05   166.00     75.37%
  Latency Distribution (HdrHistogram - Recorded Latency)
 50.000%    2.71ms
 75.000%    3.52ms
 90.000%    4.32ms
 99.000%    6.63ms
 99.900%    8.44ms
 99.990%    9.45ms
 99.999%    9.96ms
100.000%    9.96ms

  Detailed Percentile spectrum:
       Value   Percentile   TotalCount 1/(1-Percentile)

       0.579     0.000000            1         1.00
       1.653     0.100000         2902         1.11
       1.955     0.200000         5808         1.25
       2.215     0.300000         8710         1.43
       2.459     0.400000        11614         1.67
       2.715     0.500000        14511         2.00
       2.857     0.550000        15966         2.22
       3.003     0.600000        17421         2.50
       3.165     0.650000        18849         2.86
       3.329     0.700000        20307         3.33
       3.519     0.750000        21754         4.00
       3.627     0.775000        22481         4.44
       3.741     0.800000        23201         5.00
       3.859     0.825000        23930         5.71
       3.987     0.850000        24655         6.67
       4.139     0.875000        25383         8.00
       4.227     0.887500        25739         8.89
       4.319     0.900000        26109        10.00
       4.411     0.912500        26460        11.43
       4.535     0.925000        26827        13.33
       4.699     0.937500        27189        16.00
       4.807     0.943750        27375        17.78
       4.911     0.950000        27547        20.00
       5.047     0.956250        27732        22.86
       5.215     0.962500        27910        26.67
       5.415     0.968750        28090        32.00
       5.531     0.971875        28181        35.56
       5.651     0.975000        28273        40.00
       5.783     0.978125        28362        45.71
       5.959     0.981250        28455        53.33
       6.155     0.984375        28543        64.00
       6.255     0.985938        28589        71.11
       6.375     0.987500        28634        80.00
       6.523     0.989062        28679        91.43
       6.715     0.990625        28725       106.67
       6.943     0.992188        28770       128.00
       7.023     0.992969        28794       142.22
       7.075     0.993750        28815       160.00
       7.175     0.994531        28838       182.86
       7.287     0.995313        28861       213.33
       7.459     0.996094        28883       256.00
       7.559     0.996484        28895       284.44
       7.691     0.996875        28906       320.00
       7.791     0.997266        28917       365.71
       7.971     0.997656        28930       426.67
       8.171     0.998047        28940       512.00
       8.215     0.998242        28946       568.89
       8.255     0.998437        28951       640.00
       8.327     0.998633        28957       731.43
       8.383     0.998828        28963       853.33
       8.463     0.999023        28968      1024.00
       8.503     0.999121        28972      1137.78
       8.559     0.999219        28974      1280.00
       8.719     0.999316        28977      1462.86
       8.807     0.999414        28980      1706.67
       8.935     0.999512        28982      2048.00
       9.007     0.999561        28984      2275.56
       9.023     0.999609        28985      2560.00
       9.079     0.999658        28987      2925.71
       9.143     0.999707        28988      3413.33
       9.183     0.999756        28990      4096.00
       9.183     0.999780        28990      4551.11
       9.359     0.999805        28991      5120.00
       9.423     0.999829        28992      5851.43
       9.423     0.999854        28992      6826.67
       9.455     0.999878        28993      8192.00
       9.455     0.999890        28993      9102.22
       9.615     0.999902        28994     10240.00
       9.615     0.999915        28994     11702.86
       9.615     0.999927        28994     13653.33
       9.791     0.999939        28995     16384.00
       9.791     0.999945        28995     18204.44
       9.791     0.999951        28995     20480.00
       9.791     0.999957        28995     23405.71
       9.791     0.999963        28995     27306.67
       9.959     0.999969        28996     32768.00
       9.959     1.000000        28996          inf
#[Mean    =        2.902, StdDeviation   =        1.128]
#[Max     =        9.952, Total count    =        28996]
#[Buckets =           27, SubBuckets     =         2048]
----------------------------------------------------------
  30002 requests in 5.00m, 4.35MB read
Requests/sec:    100.00
Transfer/sec:     14.84KB

 >> |2017/09/07 09:57:38|JsonPerfectClientWrkV1bc|Perfect JSON benchmarking
wrk2 -t2 -d5m -c5 --latency -R100 --timeout 100s http://169.254.185.136:8081/jsonShortPerfect