Running 5m test @ http://169.254.185.136:8080/jsonVapor
  2 threads and 5 connections
  Thread calibration: mean lat.: 38.604ms, rate sampling interval: 90ms
  Thread calibration: mean lat.: 38.776ms, rate sampling interval: 90ms
  Thread Stats   Avg      Stdev     Max   +/- Stdev
    Latency    36.04ms    3.40ms  59.97ms   67.82%
    Req/Sec    28.64      9.99    44.00     69.26%
  Latency Distribution (HdrHistogram - Recorded Latency)
 50.000%   35.33ms
 75.000%   38.37ms
 90.000%   40.90ms
 99.000%   45.79ms
 99.900%   49.95ms
 99.990%   52.80ms
 99.999%   60.00ms
100.000%   60.00ms

  Detailed Percentile spectrum:
       Value   Percentile   TotalCount 1/(1-Percentile)

      26.447     0.000000            1         1.00
      32.239     0.100000         1689         1.11
      33.087     0.200000         3383         1.25
      33.823     0.300000         5047         1.43
      34.527     0.400000         6743         1.67
      35.327     0.500000         8434         2.00
      35.775     0.550000         9268         2.22
      36.287     0.600000        10103         2.50
      36.863     0.650000        10935         2.86
      37.567     0.700000        11775         3.33
      38.367     0.750000        12651         4.00
      38.751     0.775000        13049         4.44
      39.103     0.800000        13461         5.00
      39.519     0.825000        13883         5.71
      39.935     0.850000        14298         6.67
      40.415     0.875000        14730         8.00
      40.639     0.887500        14933         8.89
      40.895     0.900000        15150        10.00
      41.151     0.912500        15368        11.43
      41.407     0.925000        15585        13.33
      41.695     0.937500        15789        16.00
      41.855     0.943750        15883        17.78
      42.047     0.950000        15986        20.00
      42.271     0.956250        16097        22.86
      42.527     0.962500        16195        26.67
      42.911     0.968750        16303        32.00
      43.135     0.971875        16350        35.56
      43.423     0.975000        16407        40.00
      43.679     0.978125        16455        45.71
      43.967     0.981250        16505        53.33
      44.575     0.984375        16558        64.00
      44.799     0.985938        16585        71.11
      45.119     0.987500        16612        80.00
      45.471     0.989062        16637        91.43
      45.919     0.990625        16663       106.67
      46.431     0.992188        16691       128.00
      46.591     0.992969        16705       142.22
      46.815     0.993750        16715       160.00
      47.167     0.994531        16729       182.86
      47.487     0.995313        16743       213.33
      47.743     0.996094        16755       256.00
      47.839     0.996484        16761       284.44
      47.935     0.996875        16768       320.00
      48.127     0.997266        16775       365.71
      48.287     0.997656        16781       426.67
      48.703     0.998047        16788       512.00
      48.799     0.998242        16791       568.89
      48.927     0.998437        16794       640.00
      49.279     0.998633        16798       731.43
      49.727     0.998828        16801       853.33
      50.015     0.999023        16805      1024.00
      50.239     0.999121        16807      1137.78
      50.239     0.999219        16807      1280.00
      50.719     0.999316        16809      1462.86
      50.815     0.999414        16811      1706.67
      51.039     0.999512        16812      2048.00
      51.071     0.999561        16813      2275.56
      51.455     0.999609        16814      2560.00
      51.679     0.999658        16815      2925.71
      52.063     0.999707        16816      3413.33
      52.063     0.999756        16816      4096.00
      52.415     0.999780        16817      4551.11
      52.415     0.999805        16817      5120.00
      52.799     0.999829        16818      5851.43
      52.799     0.999854        16818      6826.67
      52.799     0.999878        16818      8192.00
      53.951     0.999890        16819      9102.22
      53.951     0.999902        16819     10240.00
      53.951     0.999915        16819     11702.86
      53.951     0.999927        16819     13653.33
      53.951     0.999939        16819     16384.00
      59.999     0.999945        16820     18204.44
      59.999     1.000000        16820          inf
#[Mean    =       36.044, StdDeviation   =        3.397]
#[Max     =       59.968, Total count    =        16820]
#[Buckets =           27, SubBuckets     =         2048]
----------------------------------------------------------
  17402 requests in 5.00m, 116.47MB read
Requests/sec:     58.00
Transfer/sec:    397.50KB

 >> |2017/09/06 22:01:06|JsonVaporClientWrk2V1|Vapor JSON benchmarking / Business case
wrk2 -t2 -d5m -c5 --latency -R59 --timeout 100s http://169.254.185.136:8080/jsonVapor