Running 1m test @ http://169.254.90.222:8080/jsonShortVapor
  2 threads and 10 connections
  Thread calibration: mean lat.: 1.961ms, rate sampling interval: 10ms
  Thread calibration: mean lat.: 1.941ms, rate sampling interval: 10ms
  Thread Stats   Avg      Stdev     Max   +/- Stdev
    Latency     2.07ms    2.24ms  44.61ms   95.81%
    Req/Sec     2.56k   392.43     6.33k    80.42%
  Latency Distribution (HdrHistogram - Recorded Latency)
 50.000%    1.72ms
 75.000%    2.33ms
 90.000%    3.05ms
 99.000%   10.04ms
 99.900%   33.18ms
 99.990%   41.63ms
 99.999%   44.19ms
100.000%   44.64ms

  Detailed Percentile spectrum:
       Value   Percentile   TotalCount 1/(1-Percentile)

       0.318     0.000000            1         1.00
       0.827     0.100000        24290         1.11
       1.069     0.200000        48519         1.25
       1.291     0.300000        72728         1.43
       1.506     0.400000        97010         1.67
       1.718     0.500000       121233         2.00
       1.824     0.550000       133311         2.22
       1.935     0.600000       145514         2.50
       2.049     0.650000       157551         2.86
       2.181     0.700000       169744         3.33
       2.331     0.750000       181923         4.00
       2.415     0.775000       187930         4.44
       2.507     0.800000       193989         5.00
       2.609     0.825000       199963         5.71
       2.731     0.850000       206031         6.67
       2.869     0.875000       212114         8.00
       2.949     0.887500       215113         8.89
       3.045     0.900000       218179        10.00
       3.151     0.912500       221184        11.43
       3.291     0.925000       224225        13.33
       3.485     0.937500       227228        16.00
       3.629     0.943750       228764        17.78
       3.825     0.950000       230266        20.00
       4.171     0.956250       231774        22.86
       4.723     0.962500       233288        26.67
       5.483     0.968750       234803        32.00
       5.907     0.971875       235560        35.56
       6.399     0.975000       236321        40.00
       6.939     0.978125       237081        45.71
       7.507     0.981250       237836        53.33
       8.199     0.984375       238589        64.00
       8.599     0.985938       238968        71.11
       9.103     0.987500       239349        80.00
       9.671     0.989062       239727        91.43
      10.311     0.990625       240105       106.67
      11.103     0.992188       240483       128.00
      11.615     0.992969       240672       142.22
      12.367     0.993750       240862       160.00
      13.639     0.994531       241051       182.86
      16.055     0.995313       241240       213.33
      18.991     0.996094       241430       256.00
      20.639     0.996484       241524       284.44
      22.783     0.996875       241619       320.00
      24.815     0.997266       241714       365.71
      26.463     0.997656       241808       426.67
      27.839     0.998047       241904       512.00
      28.943     0.998242       241950       568.89
      29.983     0.998437       241998       640.00
      31.055     0.998633       242045       731.43
      32.143     0.998828       242092       853.33
      33.439     0.999023       242140      1024.00
      34.271     0.999121       242164      1137.78
      35.071     0.999219       242188      1280.00
      36.095     0.999316       242211      1462.86
      37.055     0.999414       242234      1706.67
      37.855     0.999512       242259      2048.00
      38.239     0.999561       242273      2275.56
      38.463     0.999609       242282      2560.00
      38.879     0.999658       242296      2925.71
      39.263     0.999707       242306      3413.33
      39.647     0.999756       242317      4096.00
      39.935     0.999780       242323      4551.11
      40.191     0.999805       242330      5120.00
      40.511     0.999829       242336      5851.43
      40.831     0.999854       242341      6826.67
      41.343     0.999878       242347      8192.00
      41.407     0.999890       242350      9102.22
      41.663     0.999902       242353     10240.00
      41.951     0.999915       242356     11702.86
      42.111     0.999927       242359     13653.33
      42.175     0.999939       242362     16384.00
      42.207     0.999945       242363     18204.44
      42.591     0.999951       242365     20480.00
      42.623     0.999957       242366     23405.71
      42.815     0.999963       242368     27306.67
      43.071     0.999969       242369     32768.00
      43.135     0.999973       242370     36408.89
      43.327     0.999976       242371     40960.00
      43.327     0.999979       242371     46811.43
      43.711     0.999982       242372     54613.33
      44.095     0.999985       242373     65536.00
      44.095     0.999986       242373     72817.78
      44.191     0.999988       242374     81920.00
      44.191     0.999989       242374     93622.86
      44.191     0.999991       242374    109226.67
      44.383     0.999992       242375    131072.00
      44.383     0.999993       242375    145635.56
      44.383     0.999994       242375    163840.00
      44.383     0.999995       242375    187245.71
      44.383     0.999995       242375    218453.33
      44.639     0.999996       242376    262144.00
      44.639     1.000000       242376          inf
#[Mean    =        2.073, StdDeviation   =        2.241]
#[Max     =       44.608, Total count    =       242376]
#[Buckets =           27, SubBuckets     =         2048]
----------------------------------------------------------
  290945 requests in 1.00m, 45.23MB read
Requests/sec:   4849.10
Transfer/sec:    771.88KB
