Running 1m test @ http://169.254.90.222:8080/jsonShortVapor
  2 threads and 10 connections
  Thread calibration: mean lat.: 1.715ms, rate sampling interval: 10ms
  Thread calibration: mean lat.: 1.717ms, rate sampling interval: 10ms
  Thread Stats   Avg      Stdev     Max   +/- Stdev
    Latency     1.72ms  749.64us  10.84ms   65.02%
    Req/Sec     2.55k   254.14     3.67k    72.63%
  Latency Distribution (HdrHistogram - Recorded Latency)
 50.000%    1.64ms
 75.000%    2.22ms
 90.000%    2.77ms
 99.000%    3.61ms
 99.900%    4.28ms
 99.990%    7.55ms
 99.999%    9.90ms
100.000%   10.85ms

  Detailed Percentile spectrum:
       Value   Percentile   TotalCount 1/(1-Percentile)

       0.322     0.000000            1         1.00
       0.804     0.100000        24277         1.11
       1.020     0.200000        48550         1.25
       1.227     0.300000        72796         1.43
       1.433     0.400000        97016         1.67
       1.636     0.500000       121254         2.00
       1.738     0.550000       133310         2.22
       1.844     0.600000       145536         2.50
       1.955     0.650000       157620         2.86
       2.077     0.700000       169723         3.33
       2.221     0.750000       181810         4.00
       2.299     0.775000       187950         4.44
       2.381     0.800000       193999         5.00
       2.469     0.825000       200090         5.71
       2.559     0.850000       206098         6.67
       2.657     0.875000       212173         8.00
       2.709     0.887500       215178         8.89
       2.765     0.900000       218233        10.00
       2.825     0.912500       221197        11.43
       2.891     0.925000       224258        13.33
       2.969     0.937500       227250        16.00
       3.013     0.943750       228796        17.78
       3.059     0.950000       230271        20.00
       3.113     0.956250       231797        22.86
       3.171     0.962500       233330        26.67
       3.237     0.968750       234812        32.00
       3.273     0.971875       235593        35.56
       3.315     0.975000       236338        40.00
       3.357     0.978125       237084        45.71
       3.409     0.981250       237835        53.33
       3.469     0.984375       238593        64.00
       3.505     0.985938       238975        71.11
       3.543     0.987500       239366        80.00
       3.579     0.989062       239730        91.43
       3.625     0.990625       240112       106.67
       3.673     0.992188       240497       128.00
       3.703     0.992969       240677       142.22
       3.735     0.993750       240873       160.00
       3.765     0.994531       241055       182.86
       3.809     0.995313       241244       213.33
       3.861     0.996094       241437       256.00
       3.885     0.996484       241528       284.44
       3.915     0.996875       241626       320.00
       3.953     0.997266       241718       365.71
       3.987     0.997656       241815       426.67
       4.039     0.998047       241910       512.00
       4.075     0.998242       241955       568.89
       4.111     0.998437       242005       640.00
       4.155     0.998633       242050       731.43
       4.207     0.998828       242097       853.33
       4.291     0.999023       242143      1024.00
       4.335     0.999121       242168      1137.78
       4.375     0.999219       242190      1280.00
       4.475     0.999316       242216      1462.86
       4.591     0.999414       242240      1706.67
       4.767     0.999512       242262      2048.00
       4.855     0.999561       242274      2275.56
       5.099     0.999609       242285      2560.00
       5.623     0.999658       242297      2925.71
       6.055     0.999707       242308      3413.33
       6.491     0.999756       242321      4096.00
       6.675     0.999780       242326      4551.11
       7.055     0.999805       242332      5120.00
       7.131     0.999829       242338      5851.43
       7.235     0.999854       242344      6826.67
       7.423     0.999878       242350      8192.00
       7.507     0.999890       242353      9102.22
       7.571     0.999902       242356     10240.00
       7.671     0.999915       242359     11702.86
       7.755     0.999927       242362     13653.33
       8.031     0.999939       242365     16384.00
       8.043     0.999945       242366     18204.44
       8.151     0.999951       242368     20480.00
       8.391     0.999957       242369     23405.71
       8.447     0.999963       242371     27306.67
       8.511     0.999969       242372     32768.00
       8.527     0.999973       242373     36408.89
       8.879     0.999976       242374     40960.00
       8.879     0.999979       242374     46811.43
       8.999     0.999982       242375     54613.33
       9.007     0.999985       242376     65536.00
       9.007     0.999986       242376     72817.78
       9.895     0.999988       242377     81920.00
       9.895     0.999989       242377     93622.86
       9.895     0.999991       242377    109226.67
      10.383     0.999992       242378    131072.00
      10.383     0.999993       242378    145635.56
      10.383     0.999994       242378    163840.00
      10.383     0.999995       242378    187245.71
      10.383     0.999995       242378    218453.33
      10.847     0.999996       242379    262144.00
      10.847     1.000000       242379          inf
#[Mean    =        1.720, StdDeviation   =        0.750]
#[Max     =       10.840, Total count    =       242379]
#[Buckets =           27, SubBuckets     =         2048]
----------------------------------------------------------
  290947 requests in 1.00m, 45.23MB read
Requests/sec:   4849.00
Transfer/sec:    771.87KB
