Running 5m test @ http://169.254.140.128:8080/htmlKitura
  2 threads and 100 connections
  Thread calibration: mean lat.: 2.499ms, rate sampling interval: 10ms
  Thread calibration: mean lat.: 2.495ms, rate sampling interval: 10ms
  Thread Stats   Avg      Stdev     Max   +/- Stdev
    Latency     2.52ms  687.91us   7.86ms   67.36%
    Req/Sec    58.82     98.17   400.00     75.57%
  Latency Distribution (HdrHistogram - Recorded Latency)
 50.000%    2.48ms
 75.000%    2.97ms
 90.000%    3.44ms
 99.000%    4.18ms
 99.900%    4.74ms
 99.990%    6.37ms
 99.999%    7.86ms
100.000%    7.86ms

  Detailed Percentile spectrum:
       Value   Percentile   TotalCount 1/(1-Percentile)

       0.524     0.000000            1         1.00
       1.644     0.100000         2894         1.11
       1.908     0.200000         5782         1.25
       2.121     0.300000         8686         1.43
       2.311     0.400000        11562         1.67
       2.483     0.500000        14473         2.00
       2.569     0.550000        15906         2.22
       2.659     0.600000        17364         2.50
       2.755     0.650000        18805         2.86
       2.851     0.700000        20269         3.33
       2.969     0.750000        21676         4.00
       3.037     0.775000        22418         4.44
       3.101     0.800000        23139         5.00
       3.167     0.825000        23858         5.71
       3.245     0.850000        24571         6.67
       3.339     0.875000        25301         8.00
       3.389     0.887500        25666         8.89
       3.441     0.900000        26019        10.00
       3.493     0.912500        26372        11.43
       3.559     0.925000        26740        13.33
       3.635     0.937500        27102        16.00
       3.683     0.943750        27287        17.78
       3.725     0.950000        27459        20.00
       3.775     0.956250        27637        22.86
       3.823     0.962500        27819        26.67
       3.873     0.968750        27997        32.00
       3.901     0.971875        28088        35.56
       3.933     0.975000        28179        40.00
       3.973     0.978125        28270        45.71
       4.027     0.981250        28362        53.33
       4.087     0.984375        28451        64.00
       4.119     0.985938        28495        71.11
       4.151     0.987500        28542        80.00
       4.175     0.989062        28589        91.43
       4.195     0.990625        28630       106.67
       4.231     0.992188        28680       128.00
       4.259     0.992969        28697       142.22
       4.287     0.993750        28724       160.00
       4.311     0.994531        28743       182.86
       4.339     0.995313        28765       213.33
       4.379     0.996094        28789       256.00
       4.407     0.996484        28799       284.44
       4.451     0.996875        28812       320.00
       4.471     0.997266        28821       365.71
       4.511     0.997656        28833       426.67
       4.543     0.998047        28848       512.00
       4.551     0.998242        28850       568.89
       4.571     0.998437        28855       640.00
       4.607     0.998633        28861       731.43
       4.667     0.998828        28868       853.33
       4.743     0.999023        28872      1024.00
       4.755     0.999121        28876      1137.78
       4.771     0.999219        28878      1280.00
       4.859     0.999316        28881      1462.86
       4.963     0.999414        28884      1706.67
       5.039     0.999512        28886      2048.00
       5.103     0.999561        28888      2275.56
       5.191     0.999609        28890      2560.00
       5.195     0.999658        28891      2925.71
       5.271     0.999707        28892      3413.33
       5.615     0.999756        28893      4096.00
       5.643     0.999780        28894      4551.11
       6.107     0.999805        28895      5120.00
       6.131     0.999829        28896      5851.43
       6.131     0.999854        28896      6826.67
       6.367     0.999878        28897      8192.00
       6.367     0.999890        28897      9102.22
       6.515     0.999902        28898     10240.00
       6.515     0.999915        28898     11702.86
       6.515     0.999927        28898     13653.33
       7.603     0.999939        28899     16384.00
       7.603     0.999945        28899     18204.44
       7.603     0.999951        28899     20480.00
       7.603     0.999957        28899     23405.71
       7.603     0.999963        28899     27306.67
       7.863     0.999969        28900     32768.00
       7.863     1.000000        28900          inf
#[Mean    =        2.517, StdDeviation   =        0.688]
#[Max     =        7.860, Total count    =        28900]
#[Buckets =           27, SubBuckets     =         2048]
----------------------------------------------------------
  30002 requests in 5.00m, 44.77MB read
Requests/sec:    100.01
Transfer/sec:    152.81KB
