Running 5m test @ http://169.254.140.128:8080/jsonShortKitura
  2 threads and 100 connections
  Thread calibration: mean lat.: 2.481ms, rate sampling interval: 10ms
  Thread calibration: mean lat.: 2.464ms, rate sampling interval: 10ms
  Thread Stats   Avg      Stdev     Max   +/- Stdev
    Latency     2.50ms  694.76us   5.38ms   67.86%
    Req/Sec    59.24     98.91   333.00     75.44%
  Latency Distribution (HdrHistogram - Recorded Latency)
 50.000%    2.46ms
 75.000%    2.95ms
 90.000%    3.44ms
 99.000%    4.25ms
 99.900%    4.79ms
 99.990%    5.18ms
 99.999%    5.38ms
100.000%    5.38ms

  Detailed Percentile spectrum:
       Value   Percentile   TotalCount 1/(1-Percentile)

       0.555     0.000000            1         1.00
       1.622     0.100000         2904         1.11
       1.899     0.200000         5792         1.25
       2.105     0.300000         8687         1.43
       2.291     0.400000        11568         1.67
       2.461     0.500000        14461         2.00
       2.547     0.550000        15934         2.22
       2.629     0.600000        17350         2.50
       2.721     0.650000        18821         2.86
       2.827     0.700000        20247         3.33
       2.947     0.750000        21686         4.00
       3.005     0.775000        22400         4.44
       3.073     0.800000        23131         5.00
       3.145     0.825000        23857         5.71
       3.233     0.850000        24586         6.67
       3.321     0.875000        25289         8.00
       3.377     0.887500        25651         8.89
       3.437     0.900000        26011        10.00
       3.499     0.912500        26375        11.43
       3.561     0.925000        26733        13.33
       3.641     0.937500        27101        16.00
       3.683     0.943750        27287        17.78
       3.729     0.950000        27457        20.00
       3.779     0.956250        27642        22.86
       3.829     0.962500        27820        26.67
       3.887     0.968750        27999        32.00
       3.925     0.971875        28091        35.56
       3.957     0.975000        28180        40.00
       4.001     0.978125        28272        45.71
       4.055     0.981250        28360        53.33
       4.111     0.984375        28451        64.00
       4.139     0.985938        28495        71.11
       4.183     0.987500        28541        80.00
       4.227     0.989062        28585        91.43
       4.263     0.990625        28630       106.67
       4.311     0.992188        28675       128.00
       4.335     0.992969        28701       142.22
       4.359     0.993750        28722       160.00
       4.383     0.994531        28743       182.86
       4.439     0.995313        28766       213.33
       4.491     0.996094        28791       256.00
       4.511     0.996484        28800       284.44
       4.539     0.996875        28811       320.00
       4.567     0.997266        28822       365.71
       4.599     0.997656        28833       426.67
       4.643     0.998047        28845       512.00
       4.659     0.998242        28851       568.89
       4.667     0.998437        28855       640.00
       4.695     0.998633        28861       731.43
       4.751     0.998828        28867       853.33
       4.795     0.999023        28873      1024.00
       4.799     0.999121        28875      1137.78
       4.831     0.999219        28878      1280.00
       4.855     0.999316        28881      1462.86
       4.867     0.999414        28884      1706.67
       4.915     0.999512        28886      2048.00
       4.927     0.999561        28888      2275.56
       4.963     0.999609        28889      2560.00
       5.003     0.999658        28891      2925.71
       5.007     0.999707        28892      3413.33
       5.019     0.999756        28893      4096.00
       5.047     0.999780        28894      4551.11
       5.083     0.999805        28895      5120.00
       5.099     0.999829        28896      5851.43
       5.099     0.999854        28896      6826.67
       5.175     0.999878        28897      8192.00
       5.175     0.999890        28897      9102.22
       5.191     0.999902        28898     10240.00
       5.191     0.999915        28898     11702.86
       5.191     0.999927        28898     13653.33
       5.207     0.999939        28899     16384.00
       5.207     0.999945        28899     18204.44
       5.207     0.999951        28899     20480.00
       5.207     0.999957        28899     23405.71
       5.207     0.999963        28899     27306.67
       5.379     0.999969        28900     32768.00
       5.379     1.000000        28900          inf
#[Mean    =        2.498, StdDeviation   =        0.695]
#[Max     =        5.376, Total count    =        28900]
#[Buckets =           27, SubBuckets     =         2048]
----------------------------------------------------------
  30002 requests in 5.00m, 6.28MB read
Requests/sec:    100.00
Transfer/sec:     21.45KB
