Running 5m test @ http://169.254.140.128:8080/jsonShortVapor
  2 threads and 100 connections
  Thread calibration: mean lat.: 2.737ms, rate sampling interval: 10ms
  Thread calibration: mean lat.: 4.713ms, rate sampling interval: 12ms
  Thread Stats   Avg      Stdev     Max   +/- Stdev
    Latency     2.90ms  799.82us   7.54ms   71.62%
    Req/Sec    39.69    115.46     1.27k    85.38%
  Latency Distribution (HdrHistogram - Recorded Latency)
 50.000%    2.83ms
 75.000%    3.34ms
 90.000%    3.87ms
 99.000%    5.53ms
 99.900%    6.75ms
 99.990%    7.38ms
 99.999%    7.54ms
100.000%    7.54ms

  Detailed Percentile spectrum:
       Value   Percentile   TotalCount 1/(1-Percentile)

       0.720     0.000000            1         1.00
       1.958     0.100000         1854         1.11
       2.245     0.200000         3709         1.25
       2.477     0.300000         5570         1.43
       2.665     0.400000         7408         1.67
       2.833     0.500000         9267         2.00
       2.915     0.550000        10178         2.22
       3.007     0.600000        11121         2.50
       3.097     0.650000        12032         2.86
       3.213     0.700000        12949         3.33
       3.339     0.750000        13879         4.00
       3.401     0.775000        14335         4.44
       3.475     0.800000        14798         5.00
       3.557     0.825000        15275         5.71
       3.647     0.850000        15726         6.67
       3.751     0.875000        16190         8.00
       3.807     0.887500        16421         8.89
       3.867     0.900000        16649        10.00
       3.939     0.912500        16881        11.43
       4.015     0.925000        17113        13.33
       4.107     0.937500        17343        16.00
       4.167     0.943750        17463        17.78
       4.235     0.950000        17576        20.00
       4.319     0.956250        17688        22.86
       4.439     0.962500        17803        26.67
       4.579     0.968750        17918        32.00
       4.643     0.971875        17978        35.56
       4.731     0.975000        18036        40.00
       4.839     0.978125        18096        45.71
       4.955     0.981250        18151        53.33
       5.123     0.984375        18208        64.00
       5.231     0.985938        18236        71.11
       5.351     0.987500        18266        80.00
       5.467     0.989062        18294        91.43
       5.595     0.990625        18323       106.67
       5.719     0.992188        18352       128.00
       5.787     0.992969        18366       142.22
       5.831     0.993750        18381       160.00
       5.895     0.994531        18396       182.86
       5.991     0.995313        18412       213.33
       6.091     0.996094        18424       256.00
       6.119     0.996484        18431       284.44
       6.227     0.996875        18439       320.00
       6.275     0.997266        18446       365.71
       6.315     0.997656        18453       426.67
       6.415     0.998047        18461       512.00
       6.451     0.998242        18465       568.89
       6.495     0.998437        18468       640.00
       6.535     0.998633        18473       731.43
       6.667     0.998828        18475       853.33
       6.747     0.999023        18478      1024.00
       6.763     0.999121        18481      1137.78
       6.779     0.999219        18482      1280.00
       6.827     0.999316        18484      1462.86
       6.923     0.999414        18486      1706.67
       6.939     0.999512        18487      2048.00
       6.971     0.999561        18488      2275.56
       7.083     0.999609        18489      2560.00
       7.147     0.999658        18490      2925.71
       7.175     0.999707        18491      3413.33
       7.275     0.999756        18492      4096.00
       7.275     0.999780        18492      4551.11
       7.339     0.999805        18493      5120.00
       7.339     0.999829        18493      5851.43
       7.383     0.999854        18494      6826.67
       7.383     0.999878        18494      8192.00
       7.383     0.999890        18494      9102.22
       7.407     0.999902        18495     10240.00
       7.407     0.999915        18495     11702.86
       7.407     0.999927        18495     13653.33
       7.407     0.999939        18495     16384.00
       7.407     0.999945        18495     18204.44
       7.539     0.999951        18496     20480.00
       7.539     1.000000        18496          inf
#[Mean    =        2.898, StdDeviation   =        0.800]
#[Max     =        7.536, Total count    =        18496]
#[Buckets =           27, SubBuckets     =         2048]
----------------------------------------------------------
  19189 requests in 5.00m, 2.98MB read
  Socket errors: connect 0, read 0, write 0, timeout 5328
Requests/sec:     63.96
Transfer/sec:     10.18KB
