Running 5m test @ http://169.254.140.128:8080/plaintextVapor
  2 threads and 500 connections
  Thread calibration: mean lat.: 7.901ms, rate sampling interval: 21ms
  Thread calibration: mean lat.: 7.905ms, rate sampling interval: 21ms
  Thread Stats   Avg      Stdev     Max   +/- Stdev
    Latency     6.49ms    2.09ms  13.57ms   66.66%
    Req/Sec    70.16    296.45     1.60k    94.55%
  Latency Distribution (HdrHistogram - Recorded Latency)
 50.000%    6.19ms
 75.000%    7.97ms
 90.000%    9.47ms
 99.000%   11.57ms
 99.900%   12.57ms
 99.990%   13.11ms
 99.999%   13.57ms
100.000%   13.57ms

  Detailed Percentile spectrum:
       Value   Percentile   TotalCount 1/(1-Percentile)

       0.828     0.000000            1         1.00
       3.995     0.100000         3698         1.11
       4.699     0.200000         7407         1.25
       5.211     0.300000        11113         1.43
       5.683     0.400000        14797         1.67
       6.191     0.500000        18476         2.00
       6.483     0.550000        20322         2.22
       6.791     0.600000        22157         2.50
       7.151     0.650000        24008         2.86
       7.543     0.700000        25861         3.33
       7.967     0.750000        27696         4.00
       8.183     0.775000        28621         4.44
       8.407     0.800000        29573         5.00
       8.647     0.825000        30482         5.71
       8.911     0.850000        31399         6.67
       9.183     0.875000        32325         8.00
       9.327     0.887500        32780         8.89
       9.479     0.900000        33254        10.00
       9.639     0.912500        33700        11.43
       9.823     0.925000        34175        13.33
      10.007     0.937500        34626        16.00
      10.119     0.943750        34853        17.78
      10.247     0.950000        35098        20.00
      10.359     0.956250        35317        22.86
      10.511     0.962500        35552        26.67
      10.663     0.968750        35778        32.00
      10.767     0.971875        35894        35.56
      10.887     0.975000        36013        40.00
      10.999     0.978125        36129        45.71
      11.111     0.981250        36243        53.33
      11.255     0.984375        36353        64.00
      11.351     0.985938        36412        71.11
      11.423     0.987500        36468        80.00
      11.503     0.989062        36525        91.43
      11.607     0.990625        36582       106.67
      11.695     0.992188        36644       128.00
      11.735     0.992969        36672       142.22
      11.791     0.993750        36701       160.00
      11.871     0.994531        36733       182.86
      11.943     0.995313        36755       213.33
      12.039     0.996094        36785       256.00
      12.079     0.996484        36799       284.44
      12.111     0.996875        36813       320.00
      12.167     0.997266        36828       365.71
      12.231     0.997656        36843       426.67
      12.303     0.998047        36857       512.00
      12.359     0.998242        36864       568.89
      12.383     0.998437        36871       640.00
      12.439     0.998633        36879       731.43
      12.519     0.998828        36885       853.33
      12.575     0.999023        36894      1024.00
      12.623     0.999121        36896      1137.78
      12.671     0.999219        36901      1280.00
      12.711     0.999316        36903      1462.86
      12.807     0.999414        36907      1706.67
      12.823     0.999512        36911      2048.00
      12.855     0.999561        36912      2275.56
      12.879     0.999609        36914      2560.00
      12.967     0.999658        36916      2925.71
      12.991     0.999707        36919      3413.33
      12.991     0.999756        36919      4096.00
      13.015     0.999780        36920      4551.11
      13.023     0.999805        36922      5120.00
      13.023     0.999829        36922      5851.43
      13.103     0.999854        36923      6826.67
      13.111     0.999878        36924      8192.00
      13.111     0.999890        36924      9102.22
      13.119     0.999902        36925     10240.00
      13.119     0.999915        36925     11702.86
      13.127     0.999927        36926     13653.33
      13.127     0.999939        36926     16384.00
      13.127     0.999945        36926     18204.44
      13.279     0.999951        36927     20480.00
      13.279     0.999957        36927     23405.71
      13.279     0.999963        36927     27306.67
      13.279     0.999969        36927     32768.00
      13.279     0.999973        36927     36408.89
      13.575     0.999976        36928     40960.00
      13.575     1.000000        36928          inf
#[Mean    =        6.495, StdDeviation   =        2.089]
#[Max     =       13.568, Total count    =        36928]
#[Buckets =           27, SubBuckets     =         2048]
----------------------------------------------------------
  38274 requests in 5.00m, 25.88MB read
  Socket errors: connect 249, read 0, write 0, timeout 64964
Requests/sec:    127.58
Transfer/sec:     88.33KB
