Running 5m test @ http://169.254.140.128:8080/plaintextVapor
  2 threads and 100 connections
  Thread calibration: mean lat.: 2.550ms, rate sampling interval: 10ms
  Thread calibration: mean lat.: 3.776ms, rate sampling interval: 10ms
  Thread Stats   Avg      Stdev     Max   +/- Stdev
    Latency     2.78ms    0.87ms   6.80ms   70.10%
    Req/Sec    38.31    125.85     1.55k    86.62%
  Latency Distribution (HdrHistogram - Recorded Latency)
 50.000%    2.67ms
 75.000%    3.28ms
 90.000%    3.96ms
 99.000%    5.29ms
 99.900%    5.99ms
 99.990%    6.35ms
 99.999%    6.80ms
100.000%    6.80ms

  Detailed Percentile spectrum:
       Value   Percentile   TotalCount 1/(1-Percentile)

       0.622     0.000000            1         1.00
       1.755     0.100000         1850         1.11
       2.034     0.200000         3704         1.25
       2.261     0.300000         5563         1.43
       2.483     0.400000         7406         1.67
       2.675     0.500000         9256         2.00
       2.769     0.550000        10183         2.22
       2.875     0.600000        11109         2.50
       2.997     0.650000        12030         2.86
       3.131     0.700000        12952         3.33
       3.281     0.750000        13881         4.00
       3.359     0.775000        14338         4.44
       3.449     0.800000        14805         5.00
       3.547     0.825000        15262         5.71
       3.661     0.850000        15727         6.67
       3.789     0.875000        16184         8.00
       3.875     0.887500        16419         8.89
       3.963     0.900000        16650        10.00
       4.059     0.912500        16880        11.43
       4.175     0.925000        17113        13.33
       4.307     0.937500        17346        16.00
       4.383     0.943750        17458        17.78
       4.463     0.950000        17573        20.00
       4.559     0.956250        17689        22.86
       4.659     0.962500        17804        26.67
       4.775     0.968750        17919        32.00
       4.839     0.971875        17979        35.56
       4.895     0.975000        18036        40.00
       4.943     0.978125        18092        45.71
       5.003     0.981250        18150        53.33
       5.095     0.984375        18209        64.00
       5.139     0.985938        18237        71.11
       5.199     0.987500        18265        80.00
       5.251     0.989062        18295        91.43
       5.311     0.990625        18325       106.67
       5.359     0.992188        18353       128.00
       5.379     0.992969        18367       142.22
       5.419     0.993750        18381       160.00
       5.451     0.994531        18395       182.86
       5.495     0.995313        18411       213.33
       5.539     0.996094        18424       256.00
       5.559     0.996484        18431       284.44
       5.571     0.996875        18439       320.00
       5.619     0.997266        18446       365.71
       5.683     0.997656        18453       426.67
       5.743     0.998047        18460       512.00
       5.807     0.998242        18465       568.89
       5.835     0.998437        18468       640.00
       5.883     0.998633        18471       731.43
       5.907     0.998828        18475       853.33
       5.987     0.999023        18478      1024.00
       5.999     0.999121        18480      1137.78
       6.027     0.999219        18482      1280.00
       6.043     0.999316        18485      1462.86
       6.047     0.999414        18486      1706.67
       6.083     0.999512        18487      2048.00
       6.099     0.999561        18488      2275.56
       6.115     0.999609        18490      2560.00
       6.115     0.999658        18490      2925.71
       6.131     0.999707        18491      3413.33
       6.167     0.999756        18492      4096.00
       6.167     0.999780        18492      4551.11
       6.179     0.999805        18493      5120.00
       6.179     0.999829        18493      5851.43
       6.351     0.999854        18494      6826.67
       6.351     0.999878        18494      8192.00
       6.351     0.999890        18494      9102.22
       6.567     0.999902        18495     10240.00
       6.567     0.999915        18495     11702.86
       6.567     0.999927        18495     13653.33
       6.567     0.999939        18495     16384.00
       6.567     0.999945        18495     18204.44
       6.799     0.999951        18496     20480.00
       6.799     1.000000        18496          inf
#[Mean    =        2.781, StdDeviation   =        0.875]
#[Max     =        6.796, Total count    =        18496]
#[Buckets =           27, SubBuckets     =         2048]
----------------------------------------------------------
  19191 requests in 5.00m, 12.98MB read
  Socket errors: connect 0, read 0, write 0, timeout 5328
Requests/sec:     63.97
Transfer/sec:     44.29KB
