Running 5m test @ http://169.254.140.128:8080/plaintextVapor
  2 threads and 100 connections
  Thread calibration: mean lat.: 2.594ms, rate sampling interval: 10ms
  Thread calibration: mean lat.: 2.579ms, rate sampling interval: 10ms
  Thread Stats   Avg      Stdev     Max   +/- Stdev
    Latency     2.54ms  663.45us   5.98ms   68.89%
    Req/Sec    39.15     84.36   333.00     83.71%
  Latency Distribution (HdrHistogram - Recorded Latency)
 50.000%    2.53ms
 75.000%    2.95ms
 90.000%    3.39ms
 99.000%    4.29ms
 99.900%    5.22ms
 99.990%    5.74ms
 99.999%    5.98ms
100.000%    5.98ms

  Detailed Percentile spectrum:
       Value   Percentile   TotalCount 1/(1-Percentile)

       0.531     0.000000            1         1.00
       1.714     0.100000         1855         1.11
       1.973     0.200000         3704         1.25
       2.189     0.300000         5552         1.43
       2.363     0.400000         7418         1.67
       2.525     0.500000         9266         2.00
       2.603     0.550000        10202         2.22
       2.685     0.600000        11108         2.50
       2.767     0.650000        12059         2.86
       2.857     0.700000        12950         3.33
       2.953     0.750000        13878         4.00
       3.005     0.775000        14346         4.44
       3.063     0.800000        14804         5.00
       3.127     0.825000        15266         5.71
       3.203     0.850000        15727         6.67
       3.293     0.875000        16192         8.00
       3.337     0.887500        16420         8.89
       3.391     0.900000        16655        10.00
       3.451     0.912500        16884        11.43
       3.517     0.925000        17109        13.33
       3.585     0.937500        17343        16.00
       3.635     0.943750        17457        17.78
       3.677     0.950000        17577        20.00
       3.729     0.956250        17687        22.86
       3.785     0.962500        17803        26.67
       3.853     0.968750        17918        32.00
       3.895     0.971875        17978        35.56
       3.937     0.975000        18035        40.00
       3.995     0.978125        18093        45.71
       4.059     0.981250        18153        53.33
       4.127     0.984375        18209        64.00
       4.163     0.985938        18237        71.11
       4.195     0.987500        18265        80.00
       4.255     0.989062        18298        91.43
       4.299     0.990625        18323       106.67
       4.371     0.992188        18352       128.00
       4.411     0.992969        18368       142.22
       4.447     0.993750        18381       160.00
       4.487     0.994531        18395       182.86
       4.587     0.995313        18411       213.33
       4.675     0.996094        18424       256.00
       4.735     0.996484        18432       284.44
       4.815     0.996875        18439       320.00
       4.863     0.997266        18446       365.71
       4.911     0.997656        18453       426.67
       4.991     0.998047        18460       512.00
       5.043     0.998242        18464       568.89
       5.075     0.998437        18468       640.00
       5.127     0.998633        18472       731.43
       5.159     0.998828        18476       853.33
       5.219     0.999023        18478      1024.00
       5.231     0.999121        18480      1137.78
       5.311     0.999219        18483      1280.00
       5.319     0.999316        18484      1462.86
       5.343     0.999414        18486      1706.67
       5.347     0.999512        18487      2048.00
       5.415     0.999561        18488      2275.56
       5.447     0.999609        18489      2560.00
       5.499     0.999658        18490      2925.71
       5.527     0.999707        18491      3413.33
       5.551     0.999756        18492      4096.00
       5.551     0.999780        18492      4551.11
       5.683     0.999805        18493      5120.00
       5.683     0.999829        18493      5851.43
       5.735     0.999854        18494      6826.67
       5.735     0.999878        18494      8192.00
       5.735     0.999890        18494      9102.22
       5.855     0.999902        18495     10240.00
       5.855     0.999915        18495     11702.86
       5.855     0.999927        18495     13653.33
       5.855     0.999939        18495     16384.00
       5.855     0.999945        18495     18204.44
       5.983     0.999951        18496     20480.00
       5.983     1.000000        18496          inf
#[Mean    =        2.544, StdDeviation   =        0.663]
#[Max     =        5.980, Total count    =        18496]
#[Buckets =           27, SubBuckets     =         2048]
----------------------------------------------------------
  19202 requests in 5.00m, 12.98MB read
  Socket errors: connect 0, read 0, write 0, timeout 5364
Requests/sec:     64.01
Transfer/sec:     44.32KB
